2 1 1 1 / CIR L10R L11R L12R L13R L14R L1R L2R L3R L4R L5R L6R L7R L8R L9R M1R M2R M3R M4R M5R M6R M7R M8R M9R / L1R L2R L3R L4R L5R L6R L7R L8R M10R M1R M2R M3R M4R M5R M6R M7R M8R M9R
766589005
963367684
776127982
1836497460
1846789165
762749889
2131718726
1456050161
762734231
1358472780
1539575544
502574805
1717203861
1156771089
1475771145
612824238
943517400
277261395
1965184904
1402995139
339631206
56454925
1889552427
1794932022
340316450
1459330551
1657188060
1407302439
1177962200
1158065941
498136758
517212401
179138767
982340243
1798578020
2022002637
1289588529
647937734
1530117182
48416022
437387119
590091260
1088576002
389932274
275197207
858356173
1949705274
886626944
629155960
476876276
28341103
1081909084
1059783911
245563168
608715969
1445810944
1045168498
1160232385
1865337130
854277003
251442517
1639939511
1712573736
1071405122
953793120
337966411
915301014
1440116490
1116325309
1390797459
293444040
1351722157
461500787
950493464
779224784
1126656877
1828628773
951418445
1061405864
766642636
1634944660
1539982827
1057466008
1747637525
52570836
1101075432
1872822603
1918611696
378193332
1684542055
1508896026
1176686028
111064201
180878712
1326632140
649203673
961856973
1258998599
303680411
1664477859
622152555
2129089062
540254984
1450141530
1162078235
1360133863
902216734
1190248939
2116789553
1628893730
1382538403
1561206324
1007288177
1730529168
440393572
259579690
1826636996
2014450239
440554203
581864932
1019680023
143677571
569704797
257927640
1443221821
1908924183
380675217
1042140505
1870939962
1570582302
461892619
1038544632
2103352559
1913546329
1641221451
794872452
1456343188
678816453
1639595911
49059761
2055765590
193045107
1177489262
503589177
943126582
1658109138
1086968257
1154907398
673809520
862063705
379523589
1112690025
2037220011
1937312891
1804081709
1326300692
2006486298
812664066
1152328222
42642199
1967264719
419128463
1380796456
1031476993
7268930
1971767282
61410859
250446272
1107913352
1311355350
1483597706
49899709
2044672678
249426452
558985222
1228974861
1962905925
1846828195
1259795236
1588570952
685807539
253067074
1651848867
963143470
1386870712
581766272
2135878782
1009401407
189912353
1759183926
1644679950
184532798
1594520242
247193530
2045266644
1515306740
1783688105
105516042
324281852
1140192683
1467569565
675703357
474919510
1589898417
722826057
603774160
970657766
775299895
898821309
1398459614
1880999985
596491120
368391236
2062679827
1765440958
157884855
1949747786
167483586
1245352326
304712378
1314996885
439704118
1118366404
116746809
1729566386
766344542
1346536327
2136655146
445827762
1286767872
638477651
112280347
1866083236
1522899093
942875031
85507841
881953115
1340598317
567792124
1407064104
464389513
330481585
503890206
476558986
1813410248
142845340
561191011
364832909
1048636300
1402745971
497919949
52247554
683635380
211501783
798616732
1977175987
1620053009
1317871127
530829355
579203408
757353701
2100613347
2131138163
1301223611
660467710
1233605506
647640205
1341152514
1168873424
2050913707
1483514254
1635046411
805048170
1069050150
1838366508
1736294129
349542237
372401762
1487851988
1650069746
216154125
149368396
1878429613
863993503
94423685
161601969
42511985
1777734574
1423676924
1486180567
1119177526
1207612237
437842018
156431008
979249585
793477350
1677312488
1882831465
606662952
1675943582
1488953153
1921585921
1834665707
937059730
327489930
845943419
341639448
1414058420
26030015
1293801405
965018578
37277449
1553718947
522751984
1876789256
2129005316
2141432101
1064483150
1086799599
426345825
866134433
2059794541
864649783
214025786
284535973
1839483148
641853638
1906713364
1121104728
52140296
1402892509
1791679502
1541743505
2037109534
1971968830
411775641
598637187
1591956988
264221371
1424075687
1776080628
124713054
1957128595
920545218
2125088763
940398853
715944972
1135922907
1451141504
334887571
2091500083
1941857313
1900447995
291725078
408677995
1953673656
983708473
1277921225
1291769461
1101749264
690070772
1111432860
804733160
412410517
1617715883
1285045077
2118430697
1222451338
497277998
1690124931
1338318595
1757472943
1824787193
1969447332
2006511066
1453551910
1321050522
359817103
1812286515
287348923
1383269283
313602012
1067505729
1800649933
808647512
450201098
1397654222
2094685225
1952523120
397373513
101242516
289714834
458871803
191086810
500022452
1898058585
1520695625
2101437856
1154480029
216973254
263057051
9295567
92363951
648637380
1140773472
1244456142
557511597
1268966231
274252902
502559591
746958244
623750978
1135422281
2072529020
1588524938
271432191
1706889945
1249572392
129448499
886873182
120203888
1369498715
265561755
1014681232
514685646
1898748354
830419018
31738454
890903250
534311658
162810512
1204923604
171626593
2099637034
732533855
1106331645
1156761625
1310737022
901469786
211058692
1569973380
1100489572
705655775
15664239
956213635
390617643
827730931
81660432
1399198742
129171195
1215277320
1998458453
2060618279
1724832606
2111372464
42424874
424388952
1022068538
1359440510
1688309634
1437342573
1727927421
522453132
855084730
45723525
1136907602
48449416
1745492178
1001710330
1651528314
939100425
155096457
1409581736
275680362
597055498
722785376
21452897
1859129782
1962567961
630558470
546084498
517987191
1127803311
255390155
1121695880
915519564
372938708
424311496
207964566
828281881
1112280410
1648691821
1078542439
1471095647
97698514
1356929858
1196692998
438573721
2061294958
403002535
1579225745
1020602773
2072354914
216922596
644207204
20280954
251993577
123821213
1712089257
1172056041
1212187533
1077701772
841906527
2052682894
857938249
970903948
1967904291
906326436
1672860868
322506241
139740993
296431767
2044458623
2000100658
651171025
1790157603
465075257
94947369
924031710
96345745
1233958995
416856077
1420296279
2578104
1327793228
1069438575
1023641678
1365551251
1024982889
211824739
34012409
2065210692
239843206
730275494
1381325634
815260598
314181077
1729723215
1466777410
401902711
2041857624
1546964126
872582180
1348985476
456093292
1598458537
1198835588
2029240713
494843317
452447377
1207782624
34438552
402746114
60060192
934172473
997326704
1452253814
1366541860
403252888
92299677
1579498938
1403745726
1412702497
2087529912
207885031
673338072
768656750
232596870
1548548272
1950435913
2003543122
822248860
1569416823
1453944063
1456305392
728830968
173786408
2084193311
1480108871
797354490
1440596657
2054772498
344294651
1285645547
2018617788
632636145
1129356315
1090314680
810236924
1824807329
1933166053
1175626690
2051625684
2045880112
907454838
1297104249
1749559248
148725856
644800125
2071761608
663428933
170859712
1414940117
1947606441
972307005
617489745
256266809
1507525452
1649062130
1926973929
49684202
1720038368
192274733
268539503
447950424
311604421
1235045905
139928499
385484633
1815369409
1627773256
1240764564
417247545
823065385
397321743
2007062045
505340095
1603032408
600174496
1372011213
305256773
788679958
1623422234
185008553
329336478
1194631320
1478963634
1093481415
1131113265
23400666
1904431131
1605527634
1325574968
1331311343
55436611
1190918365
809729040
314419625
1047139611
1517522186
1625628442
1204768559
1839230963
382696613
1518189099
354955648
1621847254
284190670
2060340311
547167063
492765535
481574963
284889777
1484036442
426462512
1682844914
51157154
265270474
497254590
567183662
1598126585
978382873
1749639354
1141629846
655443845
1399242173
1194288050
181793383
935640741
1923008412
1701948659
1095531191
1324064148
1923833136
1003650053
1453553060
495479330
1877253083
1601218149
1418164114
1027989519
414752694
559554351
1002284580
1812941838
1476540198
574268334
1046500662
82434499
1478106779
1333302399
837155545
1682111389
1362675044
218311657
102180069
2723323
1851166827
975884548
933192018
302923882
141115682
1478993471
700922677
100564895
192970058
1227158540
544666458
1155985501
681339694
1266710921
1852152116
13852708
156864341
25274147
331933231
618552085
441573811
374355717
1149855685
822703910
2034465281
1501897393
1312194415
1568066952
1505373633
2044900119
3302264
661620904
561077688
72671223
1513583483
436437900
1454566372
1532089622
622310420
882708519
1124463938
473160471
1902508621
170672682
996045715
1062363969
267238379
1697512422
1814519904
565121885
1267535344
1214508960
91400904
1098076295
