2 1 1 1 / CIR L10R L11R L12R L13R L14R L1R L2R L3R L4R L5R L6R L7R L8R L9R M1R M2R M3R M4R M5R M6R M7R M8R M9R / L1R L2R L3R L4R L5R L6R L7R L8R M10R M1R M2R M3R M4R M5R M6R M7R M8R M9R
1173121717
2022036380
1333242411
1322909040
489054533
2273774
882082483
1706771893
1020728865
2109189467
1524598740
296178932
1602388059
1952941377
858238859
1208096988
367370168
2105436227
699532374
1188927058
171268635
1145493258
179138767
1721907702
286808317
225656260
533429927
661048907
287896996
771204714
2049808409
1931823163
2091559220
1436705625
1228406646
1641437894
644374592
1479646489
2089633245
2072350663
1338500023
2114165831
1268106336
1526319236
826083113
127038633
1138449862
1278960901
2094272493
2110743811
1482876279
1396281582
1401012969
295727249
2002550747
1286218418
497074033
1744277812
876309598
1670027626
1220196507
849532497
163224883
1040986519
498136758
225406926
1750787550
502574805
1246989877
280157808
2139529653
101712169
1083636204
1176185393
1645984398
842024131
1768404007
877505853
2142600489
122513418
251564249
678684173
2057443718
1179439884
429626795
1396766730
678507290
1232312965
1525692970
975406197
1112294112
888296512
189800236
929623920
1736258755
1857070572
330011611
848400925
1245567576
66294275
683869989
1009068475
1947148033
853151492
475728545
1589718616
1286126935
64007125
823231947
1791444776
1881750742
830275906
1379974416
1847066464
1817135157
895121861
248922238
698910476
1469101188
1612742986
1097232307
206711903
696595003
1176967366
316171826
1908649126
1911256372
1098506356
1915999596
1988363123
1121286612
511862451
872492160
1211659497
888849741
1744660333
412754806
510205007
1564068155
1004378671
1919656673
170005901
978447859
1819766352
1969402203
1452422434
1134171691
2000412967
166850390
1773395610
1798504895
541160799
1655513891
2137598134
1868180758
1712537566
1930570872
1020125792
960397149
1055286263
2143029624
296867240
622873587
907535811
150861256
1542985223
735692681
1430440998
677532978
1563095375
996176896
1811914684
1173816635
80622189
666499528
716981279
810365841
252799344
472726550
843649517
1049572897
254042369
1177091185
500237696
1120942015
1319300052
179138287
1590029595
1321133367
1201899950
229547337
1793121423
848968631
1420340862
720396468
1835773270
1752727068
756663519
1238333048
1945990234
686786850
931116721
2037602822
1268244285
1823829725
552824985
2043569729
1977565356
1284462196
935171960
1132922195
1772862772
2081325525
1155418206
331070591
70209020
1030641040
1158346487
351774315
473505626
1164561159
763309944
2008608466
701281614
1475771145
812388782
872670700
1602529349
444915151
1955460262
59693371
432133899
356370317
2062005690
851110967
1628947756
1734837919
1161809532
828835890
1417208879
1511058485
447962580
1930386555
7431905
485322716
127134226
2078772142
486952940
1488912709
1513678837
991810205
1501896498
985716642
578326765
451629925
1674751866
939490215
739126397
1514302246
1746273064
245556083
2032390916
557362865
548067876
1376866367
622449225
1769224615
70486309
694464932
2105554567
1841170206
178618842
1774012604
755462917
953133891
589653770
730342883
823787984
1167028889
1732370862
1677811315
749338222
886608350
1223735211
1881397370
1804236016
777712193
1901471733
2016082090
392464737
1063520150
2029900948
83484182
822575490
683820313
1150110175
1427999231
1058519130
644093892
1751354133
3042215
1013670608
312408392
361164318
1744869225
323484378
249283432
218789722
1341987151
194876957
1792713276
1673322688
2003818802
849967814
949124338
2000219118
398659048
858292168
235298111
906912779
399197333
393061042
938793397
639615028
76050707
1836499269
618647972
1190659904
1113929125
390903727
904125789
875149414
674416101
1066231822
966610327
1654818993
1757169125
581460588
978325330
591799822
665908245
1500544509
1458066554
1702947087
214084418
875620496
624904717
712883493
387628133
1430949496
224253503
1146242503
1170366791
1716650964
667565322
73910664
1690207896
1643395023
652062903
1052020703
1795139286
193902398
1206855124
259670488
1898265885
213130894
1211493608
1356713147
1111124830
1934314183
2019646087
184759575
645389849
418682536
1444571719
1878174643
1131421434
288363485
860899739
664144472
2023829822
987192248
1706829917
486763964
860248560
1706206887
440151162
593580494
1199114747
1107959963
2073884239
776091332
1323635603
601193680
291481919
724561832
1112316243
336881209
304712378
2004919329
1798500744
1966266987
947488363
1786111737
445763858
174318324
1825077216
1120409560
1361683883
657795214
1307186132
25973809
1752548358
155348001
50285664
1436059838
1638267955
2061045752
1877548006
485854717
1571459782
421241942
1227773864
1932113392
1325388266
1742410969
420841954
676557631
1948684659
146114401
1524070565
1984053464
1119729824
1589596084
996740014
1881913492
737887087
2015511894
1265082539
1875815016
1875326277
1738670142
1556859526
539042917
1275265873
1280599049
375097641
1710041598
1990874653
2042493581
701520378
189353000
1093726124
1211070990
960742387
1455305331
591697906
1378997017
645910305
1568814345
2080825025
676878837
734364923
1232655943
1479161658
1554521736
2044672678
1817460183
1269587099
1460537512
1269578281
1812339650
471197166
1267045577
208419212
1697939449
756307247
731869325
1313906064
1411170780
322088512
301735295
927912308
2016926978
1942044722
2048264312
403992967
2018331943
1271687126
488727739
1204330175
271417252
1056410193
964074639
1435201954
2083275573
226917667
702622483
924030437
1146033455
972028251
368617240
1588249697
528515491
345920445
1007225912
1471236534
578195519
698453478
2048170164
247460356
1100431755
1585737767
241275270
1376607705
943126582
1208354932
1241166375
772070381
787150233
2024248367
719987422
1283532162
937142741
454965574
1487443228
173448447
1579932037
1974010136
1666365636
1588343870
1943198054
1808904835
1232124189
1440863394
1950160447
870802444
817304634
139480621
1932920907
1266145373
849503961
1005156654
360432296
1397366927
1283089400
828546239
819361859
1506796148
1315101503
1609107885
1617532289
1966303811
1870799152
1081909084
1405936736
88242246
273163730
1438873173
449633388
2022438081
1554801498
1996480995
703403309
1881531381
963121826
807283259
548458099
119875067
784745855
103245289
643435620
136209846
1173304895
1628698608
1391608499
836900668
369910130
712317765
1428723188
157762399
295630470
2060838364
699357680
1809241325
979323847
1776947536
1660423142
989226858
1017339079
1528684755
1408070852
1582433498
1824640463
548275287
1759355263
1712221181
701512807
1260008584
613842803
1084778327
1313536099
1222356904
1746070201
852367644
1387655236
1695770208
64846567
112371749
451490477
1312650965
1771946897
1661908631
1034179710
1472710905
372654294
438733797
2053853622
1464795090
1435239028
1345085069
940239316
1098958936
591376582
1897724836
94554836
1074711352
1901922623
1298013381
1234153480
440797563
80836020
757620715
1085959238
1548513465
1894205893
2107129818
1428831270
704056567
1548294501
295766943
2018750301
1662432040
129384314
1810621390
1578154991
499829937
1815066073
1366510873
1611758299
1065357923
1174948913
1472140550
426524481
1635412505
161113949
103388307
1565974354
1306007157
502969879
1692516918
1684682211
1994944542
578295272
1368288566
723006100
1483441077
1280856163
1891940025
1179390987
1495470297
353955984
1402860579
246385249
2003483639
358963980
2098309333
274437502
1595629463
415944867
258660272
2026977339
1184259198
2031352671
1981567311
32260036
1607226917
1548254261
1150444259
1029574561
54727101
1811052324
1532684317
9916055
992156364
1987393698
2001867420
1001808984
1729996912
1579811467
1761376700
1498935737
804044018
1255947162
1842950722
2095359909
1913165556
1457448122
909341674
2102893287
1410526609
845051656
1592757471
1501174990
191079701
1384398832
1475705791
98529006
649979587
462208384
1364420719
306680812
1541743505
2131799525
398387651
2008036780
1800327611
1027333995
379095187
1059667333
1480886054
561682161
942166203
1631842559
815673317
361311002
2024348946
451378903
1903999316
1134939027
1229689830
1164430266
1166937721
409764731
508178759
1705055605
2010439098
1788966328
609382518
1169709542
1478630925
1547556025
318947409
1781682851
2030203483
316526607
465468530
359817103
736859353
407105051
2074469995
288547855
1106871402
1249671423
872427639
1686412601
1984476155
255866395
1884734269
1142791946
941847821
480993130
147673411
935640542
1913898844
989544686
1222113595
1771816949
436096392
1532858838
585874432
1983043557
506077403
1228444698
2074137742
350491382
1984746619
1364154258
1809491278
969906111
458010832
1573952586
1835628813
919690168
1258715372
263797602
992761464
355379573
1875175719
1423439887
1300691435
2073183998
1298947504
1074268806
1248974216
1640857615
1528216654
1582437791
2118371584
1104602869
1453891090
780759251
1266119565
406474143
581068613
1759417177
749209572
1094632490
1313158686
682300109
738508812
102465050
2032296457
530276275
842973790
57114638
1702621326
1785225763
728828789
1181321270
557048407
17776361
975436772
1296205755
1492806063
1075881210
478595569
788757095
1376667111
516311712
1177992407
1056685204
1903210879
1030393433
999855735
446809773
977070940
995300300
1962304864
580067692
706436647
1886694845
22473963
170580204
648181752
1147436696
626621434
594129930
586394238
1769761088
517964388
1615591559
1094679854
980701613
1453347455
1610835982
269485980
2062534496
1498404542
795156012
2048657091
45760564
5695861
1927275593
1558577170
313602012
1223493809
469772109
2121032972
1638425674
915683006
962324579
1058765462
321568816
1995135405
398576249
579203408
1793809056
37323552
468880959
158087949
1077596166
1233910729
52140296
1679944815
1573525114
1728000005
1793031888
1998614351
439382591
480634159
467137403
1160043089
808423024
1473285076
1404184749
271949488
1130585065
1153639855
1663106803
134585771
2085317418
324415975
2078981489
1924848822
888330257
651007749
1831795668
521317000
990764863
104554704
275133479
296945109
2025197960
1095964361
764865509
260150456
1124950975
348768242
770640132
1323814522
1225514492
643074871
1525434190
1422968117
141017271
1560775520
633695391
1219734247
867125094
1473956220
2120307904
1687834362
892704285
1145269498
1292723601
82894663
1248059446
322977097
1945560518
325536996
3183439
1232842625
33151223
213518802
15651175
1401412202
1487779778
521195328
1052235008
292821870
303723142
470397633
1496229348
1720038304
1869420503
274162005
908569139
1220458703
115116679
896232513
131389496
1510255763
1341090301
1138368818
1651365317
305928385
482141026
794082727
1589639204
1353658657
234346344
531452795
296414706
1168607397
1554188798
612799898
704100247
1459964176
380274643
861697649
704555914
2083745645
1827007857
936501578
378874239
137970001
1849097546
1152068376
1913546329
992155624
1507248578
882325839
1150958946
706707975
740864651
1130696611
528155385
1335819997
1330920467
483895671
894158235
49280574
1086600990
47954407
1864151279
49299791
390844364
1980746792
1290419499
2024139478
905229769
995157382
1379069833
1738136752
1856060983
1999471136
1206250081
821330418
1215423028
1482903468
1635535986
1640017967
684655571
720180988
897469552
1896897850
1051085211
775077021
1613001222
1874463160
464779370
296359459
246031110
186455699
650523024
1729897086
365870248
358514480
1521731859
1350860815
217605532
59894890
304978629
784412237
1668765725
1021388271
438417975
1956330605
975269139
1360111414
763015079
1348458100
858188219
1251120533
737890763
1090291229
1352438010
1876423274
262837631
1190850780
1477082562
1823133533
2017955446
2020823314
255143063
636673841
881760875
1701398833
974569952
500252882
2133063736
1905928521
364273914
50585715
1958692974
266468206
1332280319
2045004352
139367853
1863169432
678540987
1976854371
314546225
456616183
1652408400
1836910280
538563197
339141313
1809414262
1867757307
1617308704
1102015337
1032596126
643949803
1576670547
271432191
9879560
1197303918
810990537
1287839164
2113352558
2051690950
1947756913
150977231
1680761490
1839531864
1608331919
2062905165
1728566715
1789682593
1292240751
649957453
1520743607
230835758
1644367771
1417578663
209370539
760777934
2052679488
1183547016
1929672303
1865681336
1125570092
248785653
242472842
1953059046
1534042157
2062098783
1087434495
230355862
511509604
556646983
2146016341
1676749544
585787292
2032507618
1686068025
1630895980
295893653
736623572
828058258
777313834
1296994424
1258953432
998496448
241470953
820898240
536277458
874844083
871492657
318906217
334482000
2044837418
517370780
251959000
1966758936
264471902
1063797330
644139594
1149481782
1653644173
1148890418
736080539
238856531
1275064271
2113140919
2023509049
1591956988
127686967
875943397
1229668318
805900144
887655844
1491078998
32236113
586783649
1828581152
686870763
610952846
1547503861
1040331848
622928125
1568163445
1949278811
521061807
1670569278
125443937
857407285
1363802894
1319244348
1911345545
352799163
1397459633
1999172948
1109526704
1931198900
1415605510
241325127
493541094
239565422
1253572325
1926194898
1571574195
805477852
1396828752
1363372456
1187736590
1825670459
560782552
1994553675
347862582
1323184101
1819927379
2078892308
415198633
1754456919
1086886170
1559606250
1164930478
1777404939
1255312169
739660298
4473190
1992146986
1024089812
1515398915
948731936
1386877039
743481076
1110544758
981133542
738835594
2146882773
1936661384
1015954308
1576629229
1771311170
1982777184
2075858610
2069935148
2109296713
1431854087
1932922237
1185119697
390974729
1351260544
1890056502
1983890214
1594515739
1106891559
155376114
1913399928
449975643
1118761117
1994301774
1758253804
436436589
602646576
1205756293
1037141757
1450390991
509696052
211448781
1026676031
1415480195
1477302282
84293169
1803018189
1691212475
2009990042
840448682
1623804251
849949474
1143284615
542030962
1292297514
1092851457
1875565793
511059722
348548465
867029052
1506531441
1923225270
101594752
520176530
487663076
333233446
586632992
1408209027
998008217
1974961599
1091592159
1885989722
2096817231
1279146606
408531280
1956929707
672418405
1595436483
1590807559
163239793
549727976
2144992336
165284269
1820877193
1717619766
1402177125
2064526875
502633651
1941210402
1326441012
158294323
1474879579
1552342220
1316360447
905933947
1970403401
1381091716
568052375
1398040314
1453161810
1860940327
33359339
2012739448
1554282
1325114346
2051286780
1945391599
2137857308
172351463
188182728
736837041
1167028874
457347048
542628854
1869465677
872111216
1699475265
1440019259
879561719
1671922281
1126532776
1205091550
2012664640
679038472
200317929
270441027
384916725
393559125
1358807246
609617977
484924939
1587060755
1507811548
542988669
508070395
1322120299
1023705150
854242936
1330462563
1227119186
334129494
1348853926
850734066
1070517414
289034609
334167325
408236834
354729279
1429369922
797963967
1309339629
1329456224
1173331070
2071019097
502497638
1945948921
50844216
1066385780
1509793838
1375772473
782487919
2039242451
1287183278
2103439023
61465948
780789149
1389330285
1833834108
146625203
440597692
591606514
1001125026
850800046
1488192673
465620333
308190399
640291273
1884331807
1659692826
1666553559
191219196
1460369304
1425174655
954525996
190406980
775365490
2044817190
578705840
812494350
1086455778
483477087
387625642
1430622119
2001158790
267536591
786095047
389221670
161858991
1970482695
1146549060
1269964782
2122814016
266766900
701300950
876188722
204902168
1493650786
1788317355
818602772
1235353190
1300970466
1195921615
1215690843
1330541809
1775358346
1555077919
84434455
812090690
2005839991
225700790
319723458
1162340787
744266872
578228513
2124721646
1319968692
1448492306
51601948
1685910294
196750501
1987725678
1677998309
451812070
1184766677
589700139
661211760
609559508
1903095484
235946730
587235539
660125965
414986738
1354604592
1471401173
1203801162
411414318
1735616117
1873703821
1997013560
955353958
609711146
1039695750
1693837027
1313791306
1123736195
10412182
932581777
714569123
811655457
31874634
1385173552
526205493
950309128
946936146
1217886395
704841781
1075457569
1328543031
2135909596
500635156
705931847
979247202
822563334
2078645629
1342222180
184642505
917004893
576121759
511316209
1299381911
1714367500
1760452677
1982055912
1414336085
1517167007
2114110434
1274375856
1584759718
1413174428
495847724
639728760
1659410962
1944911649
2131566919
1933846162
1209630465
461654410
1592006328
484894831
833030920
1841633224
642590909
2097444355
569078749
1571273301
398469547
550328132
1628448849
1072390019
218013033
1437387214
1427636330
869302962
69736399
1896436148
281947280
1898048652
1968324290
841979952
1683492586
1214857121
1262849149
660539159
1261442534
1682104509
231972228
2008174277
1745341472
2115075895
888518965
1013108410
699561088
773345055
1196692364
2040349791
472930352
1232873369
1166114262
706206733
1243891654
1306516157
1501039659
513119396
1670487439
1034417276
1828142258
1983862917
1427842605
1611809654
581775174
96853583
416988979
1814729873
106518731
955879918
663257461
287710975
2109372849
1911127894
809313541
473564886
793258619
1478885163
1307783379
1155710054
594386305
1705390564
1797505237
2138925782
1595837510
2035944890
216808771
462275240
1946123789
290370499
831404829
391688295
1693459406
1929782008
1971611239
1947859341
1580308112
891751653
1971226795
1447989265
1633362398
1298728791
1722110753
651679875
1408635080
1616215474
460339315
848170238
1484386983
318715139
1347392895
1566948814
1847668392
2007424869
456935189
1507740780
1037480297
936927456
85770988
2007622733
1334870028
1928124872
1721608356
152198789
1605638786
1182938985
99743727
1070949001
126751623
315981921
2127814113
1945251722
1734128027
870679175
916897546
2007816918
1708109924
203729793
1787014771
889949607
1513192622
2053801875
315901669
199978962
269959598
814700255
316975574
676962498
973468624
2095472966
117577486
358306251
464784529
566314376
1983143941
1111590691
149338572
151625150
2004612644
2080421357
732545339
617471050
1802748671
1581827811
112944595
975904027
1243183892
1546993892
1653856183
1085577388
1072790215
2015020164
501679976
1686525328
1400057169
570770324
1834318991
1213089187
434624746
1309147185
2116199948
369212886
1863779269
2002011274
1191736395
117237842
1103020921
1194615491
457435316
881985623
1302645182
724832556
205279115
1366665936
758548688
2025676552
399327827
1480574587
497895685
627665314
144421462
1345295654
328184306
1545042449
1183293909
2050883728
1416050854
221581393
81116728
933334554
492846186
1784525375
2036999023
1646645568
660450338
2045239204
2010639522
1113189579
1323559846
1511181609
666820708
1377818861
531322554
1755257415
2066826169
814694035
29861247
160215575
96475485
845006087
960358015
2073812608
1446156551
1430608773
740366269
1504265079
1189259035
1667378616
696502815
345354815
1953233208
911725281
1551561387
1693248547
1603550889
1648741012
527803803
1391770473
1010066523
2134152256
1816586134
94649244
960985166
1941698742
664424765
1060596852
1572476547
870602325
440670225
951862818
470410965
935945901
1680160341
1825751839
552864261
1147159594
557724143
265300598
675486914
1838447091
1937877497
264685637
1986598018
1188122518
1429471793
835309956
1331021500
1825895287
579641516
2074020485
868382206
755935977
943033460
1969681738
1017287672
2084884727
1640469061
1754518229
817177905
786139228
506917388
170805857
628230933
1909520498
673352749
1459486058
1238649681
1308870948
1564414080
790673007
1671032661
1900939233
366679648
1746753722
1291702211
1297881138
1186104762
453974704
841906527
1801679180
122270851
619082545
539415046
2080691110
859429861
126879199
1471095647
1424938499
2091654174
2084117763
1633975590
1355481014
1558708755
1092791370
1101753694
1383336349
498410400
2083915081
656948995
1109622538
1094285516
348322728
636605633
1817895148
628979065
52749882
260135693
1348985476
726511057
1374716882
522573208
994734813
852641883
1902016062
151239851
647527480
1151972349
2040577512
1960095726
254785557
155745442
1690715076
1297346674
740175660
734685576
586375593
1865396713
1432181997
413302022
1963422332
1317218155
443863775
2134300360
118814229
1656860501
1918575306
74638935
227530249
782264849
321790918
143939854
268405944
788112958
1310696799
1059976144
1093844103
442420013
261691145
743311580
1540132592
696537977
958634885
1587626664
1906128918
1749534251
461571149
473244946
1028980632
920822845
522921833
1307605437
1488945874
1962311092
74368107
860211066
1824893065
170653814
1623083180
258213448
37712678
946355092
272572360
2039490247
743181871
532778162
361267441
1266050874
87437731
175499178
1750760885
1634993749
113134333
938762628
212647822
1627782243
1974163842
280550046
877413719
893606353
980597188
707017531
1503209197
874967163
1145430994
1550595762
1821207306
1121015868
2062690330
1266792593
1753465727
1442218527
1344961194
244083757
1634868972
1710618188
1903873819
1744081860
461948509
768543226
717151897
1353173039
1699217472
210970983
1612152762
2046878660
73142781
998027401
1701006793
436302888
790319609
1900040575
57171779
553906211
1247902871
1056267489
1186185506
115821444
258445354
1534500227
1785802629
996913985
1648940124
1485105500
1070552162
1506442548
1393102585
965331752
1675001084
754468404
1637930951
1806109863
379408676
1243185825
1483963471
285281328
1800651115
2077770275
1712644616
806236200
949835473
1314914862
332671440
2123853034
1506513548
991499849
443236453
1900674872
1571232668
1040375192
508082741
540944338
2085906082
838602300
1722598559
137422188
2141647838
1042740454
73057086
291118972
1222129410
417425216
37204527
111569034
572061132
1563769573
2091322644
1092098395
712701489
72475519
1660684190
1976152722
1252470026
132500318
1163756286
1601675096
309247253
151307285
123191425
1319412272
749245341
1377587905
942113850
1632921782
726926782
1144820808
670568487
125524323
2102697996
1111165542
156738816
1500442390
1806071523
860040931
563127255
408918633
1224277669
1124871135
1518672108
81603100
1059261157
1569416823
1196940920
419617220
2055451391
286865560
1615334546
1374130850
1460269023
1738155003
1045603238
1135764286
1821812234
539146571
1631823136
603934593
2014068559
1139147856
1179486390
311973578
511946101
127390124
518844149
637175404
81846831
1695910062
893752913
1067029254
1051947645
1151708642
1446169667
1966455900
114966941
1192658777
2075545180
420778465
1868460354
2114374027
24687873
962687329
1477440802
1931837747
1920033101
1277237984
1707775891
1082277442
1313985355
1995437733
753895242
685708892
480266417
916412255
256266809
1355138424
343132270
1132558472
1605884204
2129848742
1303720167
491508239
2073280681
343532900
1534301533
1776029811
301488887
751142740
1911805845
1227644733
1045755499
10489120
2051253575
67290394
1465401010
516208248
313584482
1790958853
286818776
1151000394
2068102133
1100091681
1123059421
1161184428
96140974
1479923812
1051462315
1753090561
571635411
290843867
770790184
2147226748
1613916464
197875932
1105958612
2620142
1787838764
289112578
1366066490
1745535384
1420145348
984714856
645522925
2122080420
1836886860
1743167441
951029087
1079835439
1948072737
1446176388
1670745132
510976035
573958025
511186942
1589364584
1220487861
378225416
424792610
1812941838
1026407876
1384921968
408758479
295909170
723363635
1396976461
2089372075
513185801
647289032
107494360
1556631344
981873691
253107472
1657022920
1252526259
1855200156
681128604
311287835
1043884701
1795806871
1841678560
647827682
143625057
1903064282
1334087761
146081060
1901127667
362027782
767379305
589502873
414113010
1849712609
1201057771
1171320392
239446866
1748143304
1307632733
752473919
699016001
78734895
1702468158
1408076376
1462263504
1328429105
1511549688
844099247
424120432
1449044224
2095953480
468979525
1611472890
826425832
305778967
1345073431
1848686246
1501398273
763066988
1538307051
1736823958
912422670
1320233542
746152629
781456703
284904187
1670287395
857355185
1608113772
952454748
273091495
1555173328
354739896
565960119
190464474
904665255
1394646391
503910421
1050700660
2014366984
110270642
1789434768
244359449
1907352142
231662720
1192766765
1044101040
1252882357
1300348265
1936835633
47394128
1425638324
419414562
1291739352
31692799
553178110
14917961
43043774
66875512
138043489
1604216191
1443376489
407612400
1579154084
1149194158
1743886017
1785759656
936894472
1735530332
1649111301
42831253
2114768654
2014263875
1500516274
1935540106
1864218483
1515376484
53884788
2098496221
929733939
1760064452
494078019
1175659075
1290901170
1471098891
1177468848
1546021442
1664664606
398658173
610115682
19657278
124965324
631810949
743991491
1109671721
2059541380
2067426967
1279653624
569942206
1544783391
2105962514
1277875915
1105866938
1268601268
2060681072
368893660
728056722
2111864129
835354510
2138403738
1256277805
852688054
633496443
1575127955
10023163
1524247839
193777272
709235428
1245074499
1865891890
1563668082
1387607254
1122946059
1261527836
49868284
582861571
236556377
1396764563
1496599417
1633937858
1955058631
1001727355
713243934
663189311
1597966200
1285095505
1872803800
60119634
1439200242
957659927
594789614
26789307
314050404
2095074165
565259562
574844170
256333698
1734496086
1087385642
642782731
2041203373
48262989
1089579114
1261846822
1003723468
2034930385
631617367
1134943230
1013573748
1388733812
44975149
357378312
367975481
788897079
574268334
1469514825
1487084922
118260238
262064175
1764275705
903314851
2067858318
2058584550
1129755028
64679559
2118226620
443954298
1457046306
1232793375
651614247
30890380
1116846226
635132667
917675099
1781794264
1186116648
1371883175
2024993829
768216215
153470933
66794389
1528219693
842062745
741670397
803858918
667301478
1327266468
101211820
231107264
1569398494
1504894263
666822808
2147407697
1793352420
1478063187
1756484948
218311657
1575119827
338917405
1902508621
1370185423
500562669
1121381112
102180069
1328845685
602972533
360571697
1211197431
2032101016
1649344482
308321806
405784818
193776985
1937640177
1870666741
938323594
1605403557
186252989
1260619660
1453352719
509085791
1965987268
1595254669
1610359893
611614935
1019166816
1001918322
494128986
193489200
71310676
1949399229
2145726327
197313009
237225795
661937433
121186884
1142437189
601188058
387819064
1631369655
1492703970
1549835322
1131859965
1879195972
1252797097
1050963378
739534772
1262712155
993584372
561810374
409888980
1873169655
649607653
878067080
938398937
30826522
1942433014
1975647239
531132845
760086958
1459172001
194895801
2055953233
176940456
1302248076
1064072923
1744770902
330106260
1889692927
1605577060
447762027
1931327837
575854468
849244853
2046243570
1290949462
548859850
1053830365
158984190
1523894152
1561894798
898601391
1597795367
482732935
1858855702
1578156541
797956984
1721370333
1290441131
1962209802
1663627557
125564497
1546717325
787965117
811640231
63630021
1103549394
637318318
599662465
1804031845
275293972
1967772134
1116065889
1171956096
329713341
1442769918
837157147
1428464405
377618551
191722994
1733579182
1201997741
1565369457
1029408170
455459899
1537800605
1778726455
719414738
999888218
308202844
1292402300
459450076
813025550
383371575
1609462237
176837944
1837542440
