2 1 1 1 / CIR L10R L11R L12R L13R L14R L1R L2R L3R L4R L5R L6R L7R L8R L9R M1R M2R M3R M4R M5R M6R M7R M8R M9R / L1R L2R L3R L4R L5R L6R L7R L8R M10R M1R M2R M3R M4R M5R M6R M7R M8R M9R
1568673107
1528481765
318982678
2068493470
1314757109
1813259765
731359055
1366236296
1784691863
585355086
1107220117
1387262699
1023681254
1614332498
389708034
664440064
787795615
1795182201
2103706217
1689725854
1496360383
2053345975
722440295
807304392
1462282731
1882162027
1537478573
587765062
283228129
19931201
573514518
184137616
293542021
902000361
1765942247
1020324512
168696813
1976470753
548395847
1078138301
1033468118
1036626373
2129908197
608468421
1015224488
133572016
210805365
1925350543
1973764323
2081724461
1325635275
172567036
137100461
692495834
2110865625
356150235
324075326
64778527
1387153786
725312651
2057398444
126443252
699974618
1111865153
20958316
146128946
615429095
1992787206
2006682424
32091664
312048153
547960340
23409625
2001666691
460642490
942821757
228252614
2044282009
761762964
9862687
351515157
483755384
1687186079
1016550680
1306074058
622908133
1733545562
1429099049
1265901995
221053566
1578455088
785259557
865201216
579437672
734590245
1771545827
2500505
643658736
545198023
1027709581
1445051237
1897786594
871488053
688604034
437587059
2123676242
1822769661
1029340398
1804004702
1586626387
482706219
1606717510
1985166453
1004223776
1282431169
703049164
1052118675
225751332
1331890199
917052160
936412172
1610189746
226615794
2016670919
1126945683
82105251
1294704782
1062961226
355223583
1641515097
469651929
912024543
104340061
28110368
1594898566
1094114182
2126164244
2009959061
1265898921
1213608470
1951450221
1562769739
685385408
1623493184
1241804747
1400876511
1584669228
1075044109
442289109
1736893913
1277668847
888965762
1121244939
1885579754
84561635
813672453
2041213091
1716283245
1115940403
563408220
1735006930
650112115
2015138423
1086344708
2085044681
1604478006
526205867
1615108925
1630643322
360156750
1785046794
1939867783
1611236447
1322820011
1307372626
1753257515
1296170499
532925634
1583270721
1052189622
1283978921
758421254
771236551
1875555760
628870976
549207462
1879477840
917624789
753194928
1478124302
63066627
1667984743
429329832
1219688280
221836174
1592546351
1299906976
180678591
1711391476
1414267759
1389809933
1325697114
308101374
666076552
1895262653
1236019388
208648999
1167094358
852164906
803512677
728638214
168225267
1929302068
1661999894
1808217469
528122062
66378461
1494759653
1791566039
1755645824
890959815
63597584
128495911
888563095
1609324013
261045534
1432302438
1099984277
91426092
976717129
888606163
617849166
1901565827
567956141
190336038
1743408055
1209095937
1274907533
1354101453
2117494766
758783152
1329913194
543489201
1828924706
1760951260
699799426
139840785
1188166224
1334036938
858215849
1971868694
661002500
1636903909
1031949668
2092456399
89900440
1091439125
1633582688
122652387
1711851932
1586089714
1870226759
2021180206
2060896621
2098882101
642572266
320730749
1029147776
1979677033
345995799
1664841359
2073138650
1260747654
613937381
341220145
1138983814
550636407
1815259142
2022107348
816731294
526385017
287839182
260087129
1590842196
503903377
80823783
1707229424
2056242195
583206712
1690787278
1178569547
619324257
551245707
612827192
1294524632
949528141
531237982
8206825
810905697
719552543
1698862844
343411219
532115658
1141030548
231138042
899495136
1893903764
770095449
2026075404
996219664
829497200
688330052
768952297
1928645800
1831892267
1447383366
525735709
1903354637
1363986071
1797739019
1810859420
535975414
1687397400
861699184
568368426
704700926
600844070
104535637
1695941752
2023200897
1316499347
510323259
1929631650
1974372495
1526907375
728203873
408415831
1127666312
407652739
1594177052
901706422
103187252
2025148527
925833581
1737113892
1855676811
1124292533
1201664328
432044018
1082927027
474145945
323388493
753553745
1902181958
644710359
1444380539
663509855
2053802729
1520628406
1117114713
1194223081
895363552
1873849843
386113140
1033273812
1222881668
761109243
828612489
1459410697
539763310
140600860
957867276
1845922062
1172855905
330559532
304582363
1495000997
1641474114
629587478
491125932
12767901
813303623
2135570922
1566598800
420685612
1375730248
13412683
917585460
2099927778
92270165
1112506035
2030591509
1329132485
1063360381
2027851698
1110874535
2073396439
1338076346
355883905
485934314
1947988197
982750101
106704725
573268526
520347417
1362181801
1970393654
753236722
658992855
1595094264
723486760
1186905817
1558520982
792438903
1152518619
1945685641
1538512153
1594086534
1197359314
939134330
1444986378
894832720
1231129922
2039864735
30629355
1787530546
1327117141
12678465
1601283972
2022750314
1104121543
5676337
195524695
2053873549
352628525
2133817079
249842815
1326224209
1589216047
1506372169
2122929957
1443683341
547808315
42240526
126960025
1746801200
663618000
641426369
1537575282
1181857909
1993934056
1511802643
1965368867
1960828607
127967320
1076067134
399280790
858556942
91392356
286219991
971137807
138944001
505932035
200467874
1288008350
2134901981
1909732387
399081668
1992587870
1236076693
1532416458
315507356
2033743981
519915732
487574979
2023822983
550997383
849160306
1450645079
656120314
2067900170
911840188
1160469833
1913679231
289432951
636062668
868659601
1044611214
1104918049
867127667
1131942808
1859186499
173346976
1635590009
1098032901
214665288
2064902176
1894709794
1265265068
646194733
265472573
2023521350
1956768041
1915362966
1975362025
1368990088
1051374580
1255809802
1801406094
1235417862
327426536
1839972532
1676029073
632861690
187018702
1498933854
374578118
1546802388
759560508
244988624
2083291435
467835505
1669802485
843384716
35942478
223923413
373390157
1006047154
69799880
694959115
645972272
1221835868
1850912515
989108924
1872075189
1941601733
358903514
146266585
369619715
1904390300
207804535
1231186522
606370691
1759349766
1432625819
1563232477
552376173
393272225
1839225447
957415499
418300820
1498371306
843596010
2129279842
493154040
957452427
1910503732
152424706
1516237000
2072762305
1195468605
358711335
1559498096
1962713608
1543748525
2093403834
100923133
295302017
136017530
66772703
527836031
674261196
1473408620
1308673501
1733789814
352161817
341699811
28099761
937114175
1496002636
1693253237
1067061792
2090822522
201354729
426269415
740635802
459148339
1591272511
465228855
1971334826
699291726
1897148302
371666525
1127782268
1715122331
261448900
759520484
1698905175
1725211996
737499470
402495358
713231287
1055870498
1454000306
1676755204
486872588
136097591
1455251116
181698069
619848868
260089390
505388397
1587416237
971981997
997213672
682258152
1130166688
705555329
1303242931
1388371601
402599554
2025825362
179477945
1275802436
1200173376
1171710542
678515854
1225026007
541263255
1902975639
686595118
1664522162
1904348652
2107362380
934131313
1598863636
969359807
284540144
1202429467
24416721
1239114157
1477397021
725182617
1018435674
131917002
865938306
1729723215
1753958796
950716659
2146894662
1200658828
2130991090
593025922
454457888
1861041510
1218108948
503878700
381023665
1882205026
1927708859
999338015
1549129809
1443507392
114414675
790113930
1325764834
1242163137
614757135
129150103
1725907850
1996650606
1940053397
413884781
659823285
928014528
