2 1 1 1 / CIR L10R L11R L12R L13R L14R L1R L2R L3R L4R L5R L6R L7R L8R L9R M1R M2R M3R M4R M5R M6R M7R M8R M9R / L1R L2R L3R L4R L5R L6R L7R L8R M10R M1R M2R M3R M4R M5R M6R M7R M8R M9R
277747629
257394040
663966159
66995158
267382412
839307543
1332978079
2014705119
660142348
877690824
56852071
268498502
1863355185
1343781813
1810976488
1963569663
230623659
1069645211
1625057168
769406962
1544891200
2023555504
1373843451
353166113
1139997564
220620795
1813624665
299463391
1503662939
1507599788
726618472
1320073248
982967205
692298866
976318129
1683789212
604161057
630930703
1293476938
1554650739
571895921
2019220832
235415488
1332008983
1996808927
1709155429
546154009
714492300
1180111048
116660152
244025362
683304395
361436403
422442706
1365467494
2146111213
23116782
677405276
1471621418
809430637
1739972971
863550572
1672960692
1487290964
1969819017
863290553
362037385
1944344428
1152204032
972791976
839780859
2023918847
890099196
2079872722
456726968
84611011
479191749
139355270
562296930
1134565707
1724170492
45800473
1278430854
109910587
594050077
2116270132
295923790
716301313
1133225189
1903160825
228605292
171918146
1268852407
1889547902
2057729208
871648803
1603758362
980991255
1345914397
2127609482
1974174987
1481765918
1970612668
1423438968
176668489
826970502
2112926324
1673079169
546102971
1888154981
157740173
473510519
1252834678
1670162343
380080893
1682581650
2125385659
1873523162
1676616912
1737135897
1913113661
1782998163
1206723120
247164526
867123226
2108863553
402445729
11696552
1486075674
148032036
359155486
838088826
1836637889
1279737354
1847825701
859699114
829538261
2068265970
934627216
1315774910
670162894
732755043
689694835
1130071659
571823170
1991832180
1525117596
1131802576
162398452
1739293475
167408867
978022708
1007243163
1636511233
2014413626
712667311
2050028002
1458064912
978127627
591468486
1901896257
34867496
501845305
1073773180
410148948
1157060961
1969423750
1547278036
1222302356
1977112953
2082008647
1577052917
1450544899
909924834
186037779
1522463842
980747090
1899311374
628171076
18870860
819155052
1027378116
1285974475
701351959
1318087458
609268774
129149288
1708482378
1806397317
439155757
350309623
633260188
2125565548
323330991
1288424357
1616265342
2147122622
52600228
428290727
759726232
1783040621
2142324892
1304447851
1629704320
1615671505
1511054174
1124444318
330545732
673219165
546537521
592543109
1182656060
2079091502
1792051813
296769625
116892778
1339530647
1510466752
938539394
1039845579
289644285
999887484
1789287424
495350091
404670870
648087884
871042056
1093817146
161918740
2054168162
1112274591
11969911
1031143558
1020409521
662171810
408381188
339535693
138586445
1574700650
878973913
846164741
643745154
654764791
1163916946
681527207
826060377
226632436
761046217
670259745
779347680
1484752131
1349077267
823313831
1419655944
1196233423
143482200
1828310605
1418192080
251499345
142287274
531937865
2029750415
190538605
1112585867
1028408991
1606717510
181894311
659566850
1114100529
1547932040
1288606617
2037548327
288978532
221577281
246570897
1375819693
1771545827
1825568861
1136562422
453115252
51680729
54366502
67809699
1562777765
990446695
765586902
9862687
2066414886
1747237563
1439316638
1881034052
2084028137
477437610
1447277374
186772409
1841428399
390352491
492678159
1436834524
1612024145
1575269730
70379084
1718189258
1029878117
96981103
2081639816
1385055158
768887026
246934166
1325424008
260610157
1611219662
601656921
1677359955
767935331
580597853
834504384
1006589119
2054930053
1288204691
51273958
1965190352
1086738224
1545328875
1358631457
55696825
1508680039
92767718
1693231352
727470886
1149883956
2056193647
333371066
2113293563
422734056
2112020985
1257078169
428054932
1364438231
1228306834
211870246
451696105
643915042
1656651024
836781236
1134132374
1268227422
1598455062
1891698937
1200307337
457338072
230763744
1581089881
743246739
2097420032
767601
1776970226
387846389
2039272316
723454826
62532687
1714712592
1526382913
958155740
932746453
263929722
1413609894
567619051
2045519653
1079121139
648310351
355149302
749924914
1034342920
209941977
780203712
2063999887
829396257
1177147424
1628299691
1589211805
1692640108
543117602
2143427314
784655839
1484851352
1603847858
1927917837
757400417
662104375
636396474
1077874466
1311617401
1033555299
1977622980
338047655
1119091153
889019965
388780681
1422135708
76291598
1532664843
52528803
1555363435
857816426
738262956
2135391112
1338077533
1181612286
1942889505
1226894475
1599196014
2130563178
1970638898
1299850833
294788053
2025289548
1422211427
184247410
165418190
1646466351
999260756
781462454
457636394
132459217
1578316019
1064777137
724385463
1409259660
1707860874
20835286
665794158
978336618
1314973224
819880526
946651069
201499835
126573320
1144834660
1770086267
434132007
401399772
193353629
1002025609
1487394420
1973014440
1244017662
111420131
2096609212
1753257515
1209234882
1754047148
1293990753
308721280
975854672
1041221755
1240673342
1747723849
479933683
1336055977
1342594124
369571928
285690289
799138381
247556195
2090803039
1228752670
191297373
672488607
2095951402
104227258
14569588
1612230296
134224487
284157415
1755460721
1416111569
190477674
1715143801
800732407
453315777
1044773148
1453633904
283215893
93024526
1937498747
1832034199
2007819412
503798265
258546250
1594528998
1834310335
489602203
1436225577
194991012
1106300687
648106382
1063661723
1015838177
655748574
1871477876
920312046
1737279971
1681221262
2074166083
1371019920
43821586
992056123
134137940
1572848711
628493086
892845185
1542653943
388405319
1804081184
106339536
1888448359
529716279
1219908783
1784982975
2079966986
566560232
532092362
965414531
56913954
415150491
816762502
1416220695
1240158255
627929031
8960778
942480723
2061305405
1566689575
70826091
1951893874
1050740708
1881525832
189099690
149931256
1162526592
744196373
155491074
1401363071
1121340037
765130727
896017197
1284545220
1875406445
649829652
1663897673
654739143
681458487
1898430690
1045801238
390492623
1492745952
217115543
36256175
2143748474
899295949
1904030674
501681475
2111598822
1795763804
170706429
933332009
1197755042
204979018
1793676980
1769512721
421551054
947273501
669367650
1460913526
411688699
1270874549
1674195648
1535911293
2003388952
1055923986
926530687
118262080
181990725
635754932
1215643790
1737564681
433467561
2127278840
839270238
375856238
1968801922
1679562899
1467805503
2035801022
1424911336
1224186319
1274299305
1510680701
165922433
1214940953
336111252
453997002
1539562055
947734199
444068652
1895669646
1895829939
171930718
1103517289
448272475
902798002
67434283
1628039781
1305417480
1298498202
631401572
618163017
1039329101
1545837365
1895711419
397934089
198844515
1216818609
1002275737
945535366
538223670
1631175842
161303351
905796485
1708787436
377110820
412911233
90859115
1880776275
883966889
737921660
706403161
632446143
1063887803
142984770
163239
1417817929
792198172
1982270279
123641057
20046809
456610031
744314517
223477181
654012002
374660354
1650765952
1382338846
2031461226
923015227
1708829254
1132555890
555125902
1072624370
1304874716
1916676885
6538088
1418868816
947546222
1682353433
1045057718
1668742372
1316141342
203222638
292335698
1727041173
1694989332
1939073492
511073863
1326400529
1933497396
618847045
1302711352
1744589016
2070020411
243322635
2069691074
375845019
1883885793
1193056249
734420726
2137286817
784762681
1670779896
351123517
190536171
1423644228
613756764
16217441
1080894413
1978356231
2041644805
1418042773
537870783
1414615159
1682680548
935152727
1873220704
351261547
1525285721
1198566963
1439531460
475648409
1744096191
2109834774
878672853
480758827
517592113
1289921275
457274226
2074320431
80551271
863161781
304202893
1371196017
115153519
160686015
1422968352
1502493394
2004146508
1256326439
571884597
251109933
325703936
1188454005
1170574105
1613865826
1610780550
290762226
899495136
1643681883
1970930576
440015092
950395010
114467152
1667984743
54252692
55235515
1651568595
1081334021
2054379129
732877862
891472820
61750075
1423176966
352089036
1696871317
823917468
1353228986
360670817
856236113
614971367
315366733
1126922085
496704157
1057767072
1441463127
352937761
821643415
1214373863
144284175
1247091013
585404921
957041558
1757509712
768021458
109284267
101556006
969331503
843626416
853303634
1865634748
30219811
1187862702
943988972
959570335
1952024124
216639534
1615207708
66061954
1415570145
549723780
1302143236
969356982
79737444
2073554858
1628857455
388465536
2120335138
1204507764
1739120126
1127850046
962893567
1593011510
51094864
1061339236
118601382
969493457
1305880149
1681043906
1841864093
1790300915
36160053
1473148862
1471442897
1194066429
688139384
680755109
590410861
2037199787
2024914874
1814453397
209382059
1392525159
234838505
1691382713
1291578375
245839036
478256414
257991114
1137775620
1745059580
1102597425
886679569
195922985
715507898
690483306
1326851858
647334499
1348971136
599683664
1462845150
1336329025
1651511946
1089439111
1449603042
1698860635
1974599362
179806336
923310829
2042635118
230367801
1556123714
1611962865
38331653
117928648
1828188113
997716687
1186979424
1595066719
1057304555
1392113363
1898935461
491188519
1490880853
1615719837
1919457533
1322249736
1144360588
150602184
120414719
13984034
1025816933
289060636
1275561650
1269611899
1610938055
1485038509
1725000024
1249011132
21404369
1387005914
495717044
35254475
329334869
496199992
1127666312
1305988396
879061910
456685315
1080281544
140142853
586335452
765676779
1340123148
1764138787
1381278797
366797160
1172030185
1927499017
2007617516
1928645800
790492139
1709212605
1796570010
1755233155
1251598246
878764555
1020452419
854729903
1512579174
1992961706
1557818558
54931268
1852650635
1466412314
1309675454
230705619
676065761
1185567136
1297490218
1710192134
696798666
1020175344
388315807
897437994
582042800
932795160
101990837
908858069
48591669
1894743860
1464425293
1123732852
486432288
939362298
1460875219
1220028446
1143968306
1107737599
1276583276
1724223895
2039320213
606611261
951165225
1819198433
318015186
1691234758
467950063
934382757
1539974613
313107958
1728295745
1579808379
1803929806
1351501066
1650630490
1277419054
1687525628
1583889675
603703172
1240713647
1349108925
951419561
624147649
669119738
2096714105
788303768
54843254
814871318
1188760562
2021574765
831696290
1528455880
2072471735
297520516
1450913453
1135679265
1259176733
1757391965
1108163549
1381294632
1077953652
1540213369
1848406609
1176356964
438356849
1131211891
130421228
1131377734
812303380
680089496
1114167456
831503400
112411547
2069549116
179129789
313125304
456877852
28865603
162334120
1807298166
1734782603
1381097324
905027808
263095780
1755402911
410145243
63746324
687495204
1566305327
1155308664
1965041826
350753959
1303055499
33571596
135338533
472953223
2114022291
2117451337
1888250216
676152941
587164490
927739159
1205549393
1484909370
1576693463
479604518
1393271545
1124476440
1031551791
2030070784
183165534
1560209221
1700141282
1489151289
1813505075
1291988230
1579894347
1241530491
1156021858
1345818166
1104763369
293863546
824043102
2105808339
408401968
631772763
1176656213
1108832281
1359074777
1624279579
1874852848
1958737491
677210137
1665370006
1316171488
1686364822
98037535
902143928
386141072
28895025
337807708
1358645415
1132750384
535641719
1362705838
1503364338
1329065879
405777799
1655785343
1327647763
97546264
395113250
2086643699
1872975551
84143226
1052578956
815050932
42257525
695684583
798653304
505106896
1056513705
1222313560
891283984
2068208436
2009735020
1867789901
780950670
1639820330
1225502680
931987473
1561688206
1080444307
2010526632
361377281
735994838
1603880388
1575907812
1477948776
1404977756
1474099499
1923893744
1676454632
257044308
72569133
1293791840
1641460956
1511923842
272671613
1233935826
488061362
1632426794
1515011806
225418162
1595747159
1834346384
711534859
1984665181
72230969
1491343867
1551285025
1831891199
1966146910
2117445894
1591553458
431923353
1567076064
1710667531
1455258967
1963179829
5257510
581809517
1135429736
703850259
464011092
778696187
763553582
1070536464
1768463922
1303401081
1492317622
585630605
1105005441
359752132
1734149685
1838645985
1824376272
647310641
2120189302
905005401
1174714801
547347974
944391837
1829099175
1833464435
1515409899
1419701259
297724968
676953534
949528141
1779474003
782902489
726412690
1631259240
995845338
1456188871
1009522115
520651618
645140368
2075424660
2064572340
2087903072
811941800
1813814502
1320932587
999050388
1130989817
1829619616
1056721631
1623000549
540103215
877787425
360964237
243669261
1003542419
827002633
1559935613
992207722
1285168431
1079372702
1904474378
555574341
1508725975
2026587819
628867
27580074
654103795
2027090470
1716416854
1374157531
752567039
1379371299
1312103307
751767325
557435155
259764627
1730011265
64344386
626886809
1606367437
2124700184
22073154
1403184851
1508560906
665202879
1980527767
1346602166
377980802
106297619
104830044
1301108906
1031820730
2039397769
1980003103
2041831006
1825222851
786114573
954778866
588468493
1794453684
65949259
1713802759
355239558
1616040767
1949916009
559509946
57254937
1660612252
1055561226
2084725407
1575614871
1676519435
1518470595
962103836
292110044
789910121
246002022
1432157960
394325
1250945787
853894181
2137252730
119883015
2001216891
603581418
343636414
1945190487
426989937
42664679
1008997830
1587979167
1353922327
113305320
1030086018
854711720
1127743822
633705181
1952265546
1815109273
102671712
1048255935
1427496021
1947555832
255051121
1926356862
39845513
1506412824
1796221182
977238274
702273836
1995427242
2061140862
1332024532
633489388
1986368486
6336945
396964812
284238400
2111432664
1658353893
683866124
2007645515
1550901712
143481625
1948415328
1009301297
1318487351
1838231585
1740841325
1368037170
1252532172
384097122
154797344
602539117
258130497
1484773429
976133824
1470285844
414256383
1530430114
295176601
1954808372
1894411978
1291301844
1564737550
278421244
2047954467
1959140274
1760059145
147100212
1068999563
517207721
1442279199
126960025
117261472
48861552
361795416
2102815707
2088196610
1624930182
172140924
1235147938
650061845
2000014627
1607441393
284775563
1749920844
1432195345
1361037479
800105711
1388086587
1178921820
353148154
1717401529
1669516442
885291864
646775530
294634492
1529134281
1020833000
42240526
1458242839
1372499039
899607936
1540265291
1877469397
393830288
738719557
1564232507
1050922043
2024751319
2030835373
881687501
1890711818
1765316032
888026199
1876750211
1944902051
1663829265
829533565
420183385
1803608891
1603324171
505932035
231946691
1731742847
1316739234
1730584139
1667819482
1256195601
94830167
534025553
1650325520
1424333321
929522179
1052040504
233699358
684710518
2129709978
180897894
380373455
1282582581
1048218359
990031050
844466592
1503062997
70684275
212204182
348193064
340266686
742628521
1027757309
817951490
1764417545
1219723715
1021314990
1113021456
1446356408
1943144532
2145475824
1611273599
784025509
168439667
2076365338
1022621671
2076186926
539763310
2051828496
1934473836
988903551
1061273743
123762247
1231240814
1696650998
235102440
1054434230
1729225280
825288372
2099554852
990994549
522038615
1499082514
524057343
569638941
174532217
1380212750
1991400970
342841785
1015354238
541190533
725118115
1960536595
957221538
1886639658
318863543
21037837
19473464
1433585512
578834543
1595140164
461900711
1187004073
254120230
1173129989
360738110
1782735366
1584814294
117500019
1351189914
392010107
1719150631
344480328
1994770285
1824443486
1059816606
787756320
1680082027
1929812277
1756879902
1598824183
64820393
2117417834
623700263
881978544
584733360
1532249374
1126917165
378604153
2086881957
328039502
579051090
1069148813
1581582459
1808939255
1841812853
579808045
1054822333
229372311
190932628
484415006
635403317
798634219
1133597240
459006905
1755541435
1940452729
1296429807
607356843
576366350
230298902
1477993345
1635114182
1939285029
2022323538
226402339
1624098773
1905827577
50508507
1698437314
979620797
2069343030
519719491
2075971532
1511752490
953769709
34226443
750021954
567623540
345133126
639537649
172809088
524091248
2078331036
1945519830
892160514
595612481
2077091501
1921884294
696916362
48636673
2113773885
427974273
1661318746
1674562737
62165259
2105668475
1083101753
1509723607
458626053
64811878
1294746010
1054396146
1644100439
637990374
1901674349
2098392059
1897675764
524688205
452120277
478103870
1420726634
1391027210
133698728
476130060
1768067489
2031679476
1652420559
1521161643
601116685
1161069214
1970393654
419379529
559566517
117797960
1215888297
916187552
1221684430
41518527
938625353
1739161248
1621163088
405558982
572491084
511941493
597743580
1668410505
143785433
1065760170
1019229451
842895877
1667744110
1058310851
1154275817
551979902
1002120125
3135485
853394874
180194224
1601548213
962536806
819424661
1836002074
2051737378
2004880611
289432951
1817231329
1847676586
408841738
1706538138
359768612
190458477
1691412649
727036202
1453546903
57297993
857582450
1505301236
624566945
2115379054
559953490
661131315
10242921
575275736
446485897
1249758948
1894898803
1457972926
1774218245
2023822983
1141446731
1604903028
410788424
1097231612
366797325
51466239
1957614813
2020786621
2038548834
1715438608
264955995
819281385
1575664638
1187961170
1267380286
1050592119
1344978558
1405260742
1183685073
579469716
2113880861
339878349
1059165310
1222106843
613638729
1947366852
298029001
1067088800
1828720846
469830086
137958214
1518084866
211458653
1283311484
2053316896
1810321948
1952381108
2032178580
690802985
2062470038
660467361
382233248
1651063776
1107180695
850253677
861455174
78143891
358375707
1605565100
1798595867
1828681706
1315760331
431656004
2069050543
1142871000
1968570772
1775763989
583373719
1082378177
575115196
175291004
905818585
1142637839
1061620950
1697730395
221094948
1139553853
1389229951
266710875
1485958865
1028864431
387153964
2130283021
394965662
1511683877
1539567531
2079754403
1604198271
2044204911
992628794
368864052
793592471
2008331223
1118120820
1445873614
580048868
543347109
1058244275
1971224237
1168125607
1772281995
401068998
805142433
114231569
1363839987
331168310
2025034980
748143887
1657859440
197217744
624622545
494676104
730556318
328297078
657555682
1085134429
684016117
1417453964
153178465
1121378272
2002561183
1811578211
1000721216
150532942
817567658
1699190574
1627853094
157760708
1615900615
1442487120
1413096765
2006630546
96144039
1473717379
394199036
163965660
1940608606
1218116489
77696852
1865216363
1563681597
751113072
886810795
986213859
329835746
1945286098
1601330640
759560508
2138224138
1254846380
1513610092
731474153
2096937566
947176140
398203358
1249471845
538365559
1433969482
1025112760
1782704218
1045106601
1297437759
265065736
334281674
33887910
1989390022
1422894136
1357096022
645455741
496669929
2129315468
1873294679
1670752452
1373506367
917278004
2143921692
259939050
1711772567
34615675
1071857470
789281990
559473895
20034885
143011119
1308918189
1295701144
1939995766
36003650
1019590148
1496656709
621563452
896742156
980215527
1656927457
1703261578
2092857161
1341981975
2064160536
694985447
125558603
10212080
191414899
437056190
1406586111
1374899736
854026537
1445906130
1147587139
1994419909
1994312964
1276677792
1993145989
2123919392
1748871807
1147927180
340016239
1270740063
519264562
1676025195
1650346587
827450231
1764043828
1599582159
1662766397
1815379033
1709378995
625043460
1360118364
1904266782
483306169
372848251
473593359
87960658
274339645
1355138424
1660095850
337205747
1307697838
25006573
1398440420
1805226675
1032151395
172615905
1194206549
349102963
110622047
737031302
1915234353
944747955
1784243696
352477077
1159239466
1926461435
1053489722
1913992955
1286673908
498536347
722155462
396214791
1750003514
534167142
30980044
1834068268
1499671001
14073871
1548578790
707810423
756338328
1902363625
956522523
580903144
1894255319
1145184565
1619751755
401077738
583759585
1705303730
1711998692
1240298409
1951252724
549664654
842504595
1972785262
384959121
67128194
2037250220
1789903391
1739282613
1228834884
1214661356
1217870928
1285619169
333099955
701181600
1245538075
1764421301
1271947882
38221747
1977730034
254754902
1506553917
1293464949
612102318
617448850
2044554970
167264798
362838221
1218512365
1283760742
293868952
170716384
2071423882
342455705
2144460129
1347098819
939290051
255916998
256482876
1272525821
523230845
1244262736
181698069
1208405312
1801692869
1488407154
27971296
1837461271
908046429
1473133182
293439899
1597301516
1246328045
1906337221
748068297
1718273807
958773841
312133550
641693772
1312628343
2079824769
1158851937
404406811
278761375
158781395
1877576475
1285456482
1224821399
1713254508
1600418115
1968278128
423417011
161397112
850182664
20268019
1440556724
1797159812
1243365985
1215255293
630643996
1925930367
1455950148
696419066
1145197624
413641803
1562436684
1066142172
2060154903
1826037109
1632315617
625326858
1452187809
396334364
1669626157
616042841
1647403405
396937709
401689361
321334587
990111962
1722924123
1560206213
1945402428
145425054
110799513
2135621075
1558543555
1600975996
1756808510
744692416
1803518100
1438354380
1761225613
372681050
429008746
1802618378
340300069
2111224377
1899058226
551120356
930610715
1115490624
649709578
454820376
1032468070
363876306
175171592
585427101
143317981
1530940804
1482829878
393126384
1966749948
396018865
1881037904
385132457
471342760
1579898916
318970059
767421681
1938216440
2089899644
1242999693
1462921814
1818929028
2132017275
2040520141
1307162603
1870393770
1545288027
90240333
1613738868
1469566668
994395979
541933935
2020717043
1110248210
747681815
1943039523
244816511
522368792
868455687
2010729814
1668608145
90080797
396456666
872734676
1983573974
1294250491
2077876654
1815400087
596298406
821363029
2012219471
311331691
383629452
2144624703
1346331547
2006555864
278632243
804313596
2139364385
1428072021
1845124382
1378409375
1833398789
1664400994
875103774
1324110368
330556085
487204113
1784822759
462172022
2110790455
1045701833
2074469853
977873129
115090505
863370368
2102637035
2013106000
1495735312
213224636
1146571004
