2 1 1 1 / CIR L10R L11R L12R L13R L14R L1R L2R L3R L4R L5R L6R L7R L8R L9R M1R M2R M3R M4R M5R M6R M7R M8R M9R / L1R L2R L3R L4R L5R L6R L7R L8R M10R M1R M2R M3R M4R M5R M6R M7R M8R M9R
1453603543
1800686440
1773738949
657226672
882539233
993504159
989291199
743236497
1176268828
1605954327
1331675291
740900392
2117368102
523836267
563968543
211196765
1886226268
1316574741
362118595
1431253327
1554529294
530283538
820596878
1194394612
73829574
2037433854
1299898652
115855432
558755098
1432888752
672533767
596660044
7802027
1376660078
872301984
435931720
536363668
1860975442
1611513449
1405450922
808033052
153020134
986863744
5679190
108314489
1680809456
2097787945
1875687576
1753650490
220648812
1766103924
2135065802
1375431778
1223041372
603132023
1951282002
409983074
469380164
62226945
1605839198
585355086
649282197
221001130
1254494822
1925350543
237594741
116067517
2074970170
135655688
490657854
674007239
1452219767
897915749
299023579
403453682
177447829
263099908
1723405854
828024074
729040568
712166981
433343843
555386126
1996770828
1118746738
1071631151
778346843
799437365
1399599205
1447029964
1483318594
864327318
1267409165
870092888
1808716030
749515550
1341503170
1969864735
271689340
764377432
106021039
1628155260
181121479
1162229992
617886652
366713028
2134023169
72642710
1346484765
1749227147
1664736189
1088570139
2022419691
1857907259
1762683801
618512226
532755950
718941133
740943299
1681596461
1427077943
279651964
1648098738
347600893
509312337
1661384046
2072762305
1843461829
962528583
448187739
808630866
155950088
1411569899
188572664
1624257566
649525761
1765989640
936823691
483137277
1894244519
1103681297
508168950
911635020
137403266
1114906132
1714404281
606943246
129659572
1399128601
812562622
1062156304
27493877
1507828806
49438840
1463141231
2009989372
1856356563
349702523
873359281
1534435025
1730534896
1814461238
1736440752
1104650222
805648158
289643883
2128634533
1337627425
71676486
809939998
931303254
1221489450
800459044
200331143
1760078617
2088219304
1297950042
772226328
50985413
1729680945
2082174831
110912401
1334203894
1164543369
1607475088
1082950290
1695199319
503818785
974782658
890970217
1678907149
1937952510
819886724
1780015129
494119810
239061437
1451044316
1049195670
1413579897
354965482
544089254
712340017
83878767
1196208103
353374557
1005574659
1717840607
1081181032
435175403
1772697142
1167094358
1326382878
1201121670
4616279
1088188280
2054240640
1186209839
600586891
1545534777
1491873326
2003820812
506108355
576881634
1151426056
2134065927
59625163
360639085
1187586035
2115357279
7987358
176147393
1232925242
2031197422
1674059725
801251326
2136550741
143538064
1090427505
1838910713
1358798483
489578352
1578529646
624117198
34352970
1590117190
113711190
2055463316
370925060
1527085817
441621200
1539699352
1877554232
55851787
627051967
1224324089
1661763403
1973247492
1389852019
1117959328
1768695617
149596524
1654771
1424415855
171272
1259053983
1558773493
1035628445
1503035390
1025498635
1805916357
1616904489
782112165
407776513
1693176891
1042775255
1766615803
580477433
246295733
1796150298
2094275500
1654546784
547517361
1116805999
1709864607
2021627894
833475427
896428653
1348379337
2038467435
29290683
1264722587
875876826
995994875
501503007
968181512
828651686
1330308526
268185109
1239015076
1223975197
994525577
2098778480
461827387
1466168453
392486081
431591179
927369736
663512821
466065377
116424465
528574174
1194413540
85246427
634461019
1152122816
2018474652
589338828
23887991
829987956
1926744441
1315614437
1904572629
347456645
864110839
227387503
576752362
791460286
14660261
329859202
2137756755
1091224057
2131377478
700107022
1398255326
117310882
1804230097
1188319523
872190595
569745199
296638184
881565615
792827241
61975602
2059613407
790282467
706214176
31454238
813303623
1651440904
1412409587
1669924448
16184644
594707140
1926523662
339933181
326111782
1566543895
263008776
445084067
1500618777
1572891778
1356463361
224001506
1766305889
112574551
589884240
1504147201
279657493
1506372169
446422459
1344147574
1643793153
1130552336
1387257609
679356742
1355417136
414865760
1739890628
1694524114
813474837
1415978011
215772460
1994331585
1134390974
12678465
454345917
1868956115
1806204957
1499358472
1863234190
627671355
1878887584
1423833042
1815859019
2132247258
162972655
647340255
1550767070
1712601207
355223583
105451279
526431534
1091664704
1081932903
135086719
1410695475
341999566
600328974
372259497
30767105
1360708948
1780271894
1023018752
1448359368
45765120
1495502823
1133180008
1364766526
1674834872
1783275004
163825019
1665794905
1581063039
2063061591
1948111670
2137825598
1958728961
1874423618
1708582852
597074076
2055556437
1657610334
10649654
770933750
61966294
1393075825
1310579308
1090517748
1091439125
67437177
936056303
1396548052
349778055
128526544
1409448494
419655687
712195522
593176400
1070505156
701217588
161945446
1063165452
1755491645
2055913469
1320711658
527120348
1616609963
501135191
703385998
1396738023
1802229187
438519647
2090015459
1639135083
2013985368
150497693
25327077
221118071
1857418071
134157753
984116797
502513362
824480172
1708811078
863470236
1050728565
958202047
1876853526
590412705
676425374
141551292
279973382
1031512501
1511721041
269442169
1798936381
2011081877
910588846
2020180162
1787733518
1892109793
1710905958
1780867716
1956768041
1299398869
1924942143
2129102375
1772625174
1000449689
1492163101
55225692
1115940403
2082768015
1754153493
982750101
821962331
1242883397
2064514475
1477630106
564023864
933121943
726161903
259805360
1291785460
361598622
1633727535
592839005
2067866612
491005783
2056423594
1781542912
156232844
612715910
1276286817
587696466
767635767
974310880
1295083908
264744861
2068119240
1587180506
221062043
232787928
204689790
15563772
1906218962
2079691914
1574310566
1260038789
1681354202
1177407444
671044464
1436392499
1924630060
1139641258
2106346364
371697027
1989849979
1081671792
394459885
1456376515
565202634
1884053687
636299278
1323776310
1019426955
554531829
2102087470
789075958
274343952
873093548
1484626814
1708201716
92982713
1340425900
454831170
609617740
828856127
1808086774
934131313
558592065
2058400328
1895284443
1054891270
1581676549
1167684569
1630472804
811219614
988996956
1253585933
485934314
667645011
1558637136
1117695873
923622335
802515125
1747197527
2126659276
15944468
1915362966
1073957231
1103090559
2049707798
156506308
1181078626
1449213202
1467394470
231761200
260418246
911550805
370413987
902761861
1395231725
333032343
1153841105
389655909
197111445
175026364
652542298
250670265
364283146
39727299
708518154
1822005062
230978296
4866268
1421310801
620204649
1151934749
1581367
600670573
1890007209
1017606185
74703018
2056894108
55601317
1006047154
568858356
671972371
193933142
1318161056
669797908
1253264103
1663544560
1254905194
1427658461
1471873346
727115269
1959415210
1414308309
2024886762
850829628
320375439
2097718101
822131530
1771250665
1682494701
1619486069
1222480438
234034213
1958896567
853599496
1408091648
72671223
1400426422
231985910
1931643706
413884781
1281990722
1979141557
1868359266
462252723
161639935
608210652
564800083
2114204836
737717218
364114792
995332072
1185809478
1182867007
1172141260
1322300984
1196680581
906971641
276480144
1508306740
1452112489
415600286
1282295665
588712672
1384564277
1308638760
1659654172
966877869
1042024461
1815129687
1266057221
1006234169
1973460613
