2 1 1 1 / CIR L10R L11R L12R L13R L14R L1R L2R L3R L4R L5R L6R L7R L8R L9R M1R M2R M3R M4R M5R M6R M7R M8R M9R / L1R L2R L3R L4R L5R L6R L7R L8R M10R M1R M2R M3R M4R M5R M6R M7R M8R M9R
1320629524
1996565553
1903473743
1916675216
427796348
1477317777
14466683
193109134
30833144
260821651
879414119
1217512554
2107285999
1360358149
135191894
1382562904
303960741
494046972
2142467911
232504874
233224561
1482392280
22710098
241826004
1317042660
570391961
1888978349
935991597
1294454950
1671813212
848475357
1243071614
1847323020
42409508
316350073
243087069
1046148476
475002091
1742425447
260093158
1419303726
387033081
1485927241
94014435
66676278
370249537
370762867
2071254868
1579678142
1806200550
774033220
1424956484
1789288572
1999680584
1194409782
363694000
394605129
9515256
1611206078
1262845625
1881335110
1923779193
12954850
71100787
429640786
775242599
1799172564
292607958
1730255500
539638285
66962776
926652112
1852392168
293416264
1658273969
1940009278
1850054974
2000855444
754716898
182768553
1253691009
490615639
855059391
1667827455
320321184
954333362
1698931541
1910918464
1280856163
910787922
610056988
463678580
280580025
649553037
395502939
1499832721
616935289
2024844950
1944243713
1231816588
114975135
1322827790
605300434
1825383767
308119924
1009919873
1131325433
213178497
1466194793
1424286076
1848486359
1138936801
1585325750
1718338979
1653018437
628015253
1705387077
1194035879
995884236
1334885412
1237718093
910560772
663340593
143808501
801066899
549046175
2084070755
63289299
707820305
1549672960
401781279
2059165941
1984647458
1965576916
569885709
1479845704
1291265478
1823951770
193521003
708372870
1559875830
582708131
1370972723
1723689762
1019427557
381297599
1547465939
1799168721
617534463
1359672166
1412287820
1766848123
882208920
109422384
836040633
1258118562
1432590120
1533614900
1298631725
1136207320
1664572652
422619281
1839735676
1955630129
211316166
1130765509
1943441109
1158166107
537092642
1845233586
1403413059
1496552070
2080554521
306706101
1342364982
1068838441
1456748139
1301840097
1749394963
54881586
1850117035
1492734925
1986701674
303384789
159755462
337626289
1525814680
2054167136
1768002012
1944934327
182823846
1480199683
1185479958
1978102222
1483331925
2130230598
2113967462
1366571606
423361887
998186087
751085345
1117059423
1194334381
656143823
821854744
769182202
1110684027
1576379231
894285076
1657785188
715373628
215415064
1227370926
1792693391
441236285
172169226
1018851171
1144328508
825540947
1925116240
1451967428
233870896
294930263
540423768
1200746859
1225664908
194579839
1280426017
777596616
1002244561
286701145
1891125266
470634697
1726381072
1785835480
459708174
246650306
266283505
825315765
156657645
1283526756
1529865199
1136411242
1770906840
636495928
1485200961
862743570
2070411257
624631493
1358497776
1081793083
900036247
818072605
1819833707
1322354616
2016204839
147577830
2031036600
378489648
1936872882
643964630
2115713417
215844814
594440134
539807831
963936039
84755798
1232494876
771077394
290641868
1268477670
1500573479
1638280466
368819162
448524369
1476353056
1308351193
1097719033
1948909521
1771505323
1815308957
466171414
964410906
1028903997
1983417860
1262119166
55551160
1080226994
1215112655
893268500
1094333844
1719379634
481715497
1562297281
883560781
1267278939
1056190997
163110240
303028856
1557247931
852405049
762997833
1893307405
1349758786
293282869
1956886441
633502490
655228234
1121684641
962435256
1873935101
1105494042
584648259
1277755473
1897287469
9340916
1138239710
746200615
65568611
755029293
582479795
1335800132
35416549
421166898
1399831109
132878000
979762513
876522517
410016179
1510574988
750160779
1601902792
1219064383
2101106723
406872975
1729174669
935268812
2085512418
2035703285
1109258034
1443922603
1990776438
2117970868
1575720656
1524003039
1045359441
383486430
114105318
1259475335
1264194375
1310392043
1735000459
4557615
1654122321
689083513
1798906363
102937015
349597602
50288458
813362384
1474727446
1907485760
2015977780
1128383588
1803310621
761969428
306257746
1143899422
1764119284
2071251654
1986182100
1837649375
1060182008
45704646
798798323
820027428
1923607035
28789792
1956865773
643283710
1718997041
773481410
1137737380
1074625071
1321663594
1832375270
1231954311
1845735905
1597828106
638481125
518767691
995909678
766664876
54936974
416693994
1551076277
658554003
16220346
1126622177
314582967
822407996
235572356
95009545
1669753641
967807184
475187663
519953230
1072470402
1880023391
1214145068
1812775421
1465590186
920747662
1914683829
417215200
1452996048
1424348767
656029473
1212393518
1465831926
527648009
1735272610
1147281863
1187074259
1767181840
2132069448
1026282804
1266606589
913651849
1565727945
971235363
407528389
1308350347
625526826
103845756
1187632309
442825074
101594752
340240656
1000768425
1331829414
1105264378
478606733
1814309245
443908245
2045913441
2096099496
1651725265
906961734
1253722370
528822698
945124837
280418131
96744707
1373423220
474869292
1782293633
1347082168
1474896144
249045791
433897754
831715573
2041717993
1173795907
1029623880
448420310
1830216551
1482342252
150956230
595465617
1367599625
1983141938
89414870
2043479540
659413016
478838505
321198789
280345222
45759896
2125269650
2143039354
1519350520
151934875
203958891
974560364
1244295180
1117538502
704440702
1342159726
1775164032
1058179556
1227433978
1460803820
1265001420
228543530
359320910
299242176
1421481191
2016180017
1593244916
275858270
1078734509
316314311
1721924419
20806304
1129088103
1289001547
914525150
1317748372
893961185
244943547
2089158610
664397020
117714488
215971586
523141766
506580537
299776287
331217139
11308185
754041982
333958843
965543302
1695406735
1898745360
270605425
1092321691
1482528979
603818300
644294396
496127957
369276648
606427977
1251711018
2057888777
694930477
566691966
1634420931
512375688
49889545
780739860
1120602269
376865559
1361019260
1406306302
705502167
897694701
1498360787
1880087889
1650599266
493038543
1914467809
291747238
185305176
243981238
1593991672
1837273280
1941730467
135027508
1347592889
553950241
1724834202
1315453322
1819944449
1738439298
1011183071
539077477
55955970
2047622416
1623187307
1347812393
1006368813
111723354
1052819471
1286472484
1138467734
793529143
1704486379
315009560
856302868
1869615214
1437408942
432900270
1784522429
1774175712
1197073705
1396931743
1520163031
1685879420
1480989522
2110966760
1223606825
1864859211
825627854
964042110
611042383
1230220957
889158299
2124492418
267575072
1670480145
708886543
465284529
1988028465
482283574
549741825
586853782
1803591649
945293101
1329933493
824445385
1054603177
459292224
1370951481
742770310
2105469159
1083064140
542040740
257858777
1868634978
966257669
436583579
1305963321
387906099
1029211129
775261284
793120152
278145004
2031757520
1573526442
1670021807
1902763125
1138253381
961121519
233416366
1764302352
544096473
121169429
11597007
1555896792
217160242
31272449
914862059
1371116452
182469286
742623939
716921876
1861545679
1051154126
1039390668
1991189018
2031163939
1208815532
1183813005
1599805885
1320074405
753036241
987607003
281567505
202409224
109102378
1104246646
1097968142
422755457
270254529
633151053
1758513609
1821074846
73261649
1682252588
426297760
874981330
1568763969
1909213115
219463905
2121699627
715388816
1817555515
826704639
1135857748
2063220530
1856670212
654772455
267729828
1516913707
892644386
1417289275
1735483487
615292306
163934169
160510206
974650936
441563125
2005425129
159483250
1662780796
1674981205
1687294284
176527603
1198591881
965407883
949734275
1370075210
1724114174
2069152900
611618165
995468147
446382627
1661331958
444772655
2032459220
2007547591
1409927676
85011327
1793128189
1420686108
1267301591
556227205
644715590
1993266069
1141377662
2025260387
2108894939
1546833869
1907451647
1013569665
1937052348
2085210034
2072016637
1774749929
438473698
1400630727
396888649
720262523
955945887
1718234140
929316144
334160002
167962533
657056740
1025100438
1730098784
208724086
1359321747
1222974577
40327487
828616671
286083188
1735285426
164991742
491519194
1418713325
1248913533
407835147
1764475318
1892664490
81240273
2123706300
1835270803
852144117
892414928
315357365
1053166495
1741634349
445987703
1293849655
713755443
154682796
1161607280
1332373171
1603442331
791269672
1252362068
1623355826
1130131390
213459156
2010244015
2014655346
1626633340
1748610031
940201011
1242183846
495031098
576652093
899502351
505300128
2006346803
1164279921
1106486098
68867673
2044110343
2065935565
27154488
2007708265
78228340
1809227944
1649991646
879577015
1826616581
2004770107
1879456688
292798879
271617268
1127465756
400659428
380887879
2060210321
23452686
1991633070
12120238
1518466814
220148258
582392002
625799370
1880859436
1652219523
1066967949
1329884387
488985999
666848350
305098855
1969293729
999628337
1248536336
1560856288
172784894
1195858386
388931133
1348934248
1329261154
1566589444
437022135
449580744
732090801
1793428157
363312737
2124026121
789932966
2078247016
190570485
2007242771
1382957107
2611855
1468557204
1088871067
1070111775
1302688286
1587672211
1373563611
360667934
737543382
545684197
423144101
2020015138
1904923875
1515493322
1274480842
1216352007
894611239
667678552
1637108023
834239197
1952885651
1733822353
1053547147
1732717825
1728535972
1472502275
2074094914
905880045
174908676
922222450
355668423
1367905480
1187842770
811841313
2091537186
392126543
79235980
2144207580
137456239
1998653638
2096068031
1300087976
366433868
1504517227
608918179
1646285577
1628402102
269390050
1179097346
249397927
1012637529
1204845241
1902631013
1228628902
1704335044
1133936494
434514761
1956408802
1928758259
853487156
1443840786
1522968391
2120814883
1688105079
379271709
1092862988
1735173427
1168864988
1368312868
1176989986
1804233532
1635715790
1047206137
1909391027
408485848
260454437
784646834
831888950
495624829
990718429
1577919046
552032302
2034504595
1279888822
1695541396
143325433
595908948
1683288761
1807812470
567518718
433851451
162330983
1389440995
2017939796
794694774
1251782145
1215134442
1068021625
1253416237
1209875123
2095668869
876645805
1814370308
1602026500
218423047
1816911735
845994575
396955525
438059543
320236978
857715258
1270060600
1821442131
1964891759
1427453518
52817103
1638474103
1608192856
291859477
2141232458
768349486
1701213547
1918358881
495987314
680499510
317400151
1108334456
584187839
582247691
1533773567
1240293265
1946967285
812270051
1839702753
977678729
1984119499
974802259
478734900
2075354561
1658670821
1908147445
496206039
112017971
2053728162
1036741159
55944264
1794645599
83910948
193965761
1761569132
1545191458
1371072190
718083339
1218174735
2093893123
132078922
1027209895
70403995
1739984417
437182259
639425746
561011856
1349739531
459997400
2087593448
84559543
1921528765
1447784263
27540501
1657459376
681180559
316754435
1353822766
1015739153
124707171
1726272461
1557027498
411623974
1385833617
1602132526
869457929
1863325521
1522641562
773630285
2137621970
2092614574
2076819505
882201985
793120874
871283387
519653217
1199876160
1435164356
1069897967
1823713226
95697538
1853774146
1574706379
905677581
1246103907
734026195
18763287
1495468024
1923655803
278088632
129251639
662838299
1344054567
747432948
1576693053
1157619963
1950167962
300851793
2096629906
44185095
1750283019
944684307
517291189
1917380822
1533857176
808198411
457452028
610121680
99795834
2056317948
759231820
802086049
469492125
883904768
973088898
1438707097
1038817360
2002769761
1839432612
806231770
164241870
122834978
1625850353
1141721162
2079593299
864224818
201032082
641256410
2085677375
1737495337
2126988053
821905453
2093382008
125913565
1418294974
569512649
71283744
1403766489
416448464
2042037415
189653877
1486111869
1745486794
1017708282
1261414643
168664964
947416108
1891286810
658172769
778774754
702557135
401117211
1451854237
1399178125
199709236
2086913460
1049913622
2012518040
1515290846
756779469
1785633146
939026356
1800569545
596877255
100058561
2118078537
1040134190
327613400
799039285
669538138
969123992
2045342667
1752767203
589271947
1928280868
757902782
297407194
181878849
1034346988
269724605
600370018
1133523770
76775824
1670294432
910247500
1933043481
780697773
189304031
1908240403
466099504
408384825
456409960
1469112797
523410310
242182439
6409169
78412447
1449800447
1663356827
1351976580
2089714344
603570312
295613390
1360629486
1725080262
413086034
1087768056
1985573443
1005576149
837348118
1022465789
1117447445
2001497064
1606853568
416721386
522518783
99790278
102173140
301784959
1704298307
2097395917
1494961788
1667557176
527435259
962226998
1979466409
2083954640
174259278
369974597
1510991969
648149780
1941118090
136656390
973075437
152299596
1488887936
850646485
992909993
495411066
322748868
914215483
725689747
1810761887
908014324
2020932806
608214190
338853510
531340995
1766892894
780223727
435240062
952176911
1815874897
85637264
1944044392
1882370454
1839431234
1980912990
1713157672
2021554956
1939993637
759679831
1462969685
443829135
647781500
1924025712
578611643
1525440549
880973617
673898696
1604822782
707571816
1049972386
333331226
57432838
672656536
254907835
1617143909
1265929265
1249661256
986043826
1776414574
671779663
1908443030
1071263171
1862733136
1195019174
1183064502
1553279644
1954003027
224324886
2005263348
1712258852
512743313
906271982
1040945946
2116645701
1899431695
1882762057
335445536
836952328
1518483715
887496183
1921599953
1406875080
1235151806
1730509275
1225565902
701436058
493550507
789984245
1743278685
1658747259
2027737911
1795943721
13554937
1810693224
867721049
331387428
1938708723
1663245774
645254278
211743762
309523157
2030254632
1027937406
473250293
2029511543
945984244
1482384098
901705128
904938077
1582593463
1928086760
1817583635
836233545
1007097512
1273397767
1910168987
776660178
864071186
254918831
595619869
583034981
1174656212
1801007347
106885152
921001184
2028496454
828659577
326316906
1259172221
713904144
1384251164
758156975
1755972858
244982505
1571983485
849872901
786244281
297983295
31778232
2133934026
2121747325
1790374536
1342756575
564833803
1087268002
1035546060
1610177580
2010806728
1222751666
142859429
101232577
861626026
1868383785
561385702
440253079
743732679
1313715257
792757278
555550171
1229184065
1787641279
828617281
2015918421
1071561019
498455141
1792446951
1591947463
1276090723
523535361
553446811
1153548540
1378550949
449455993
932237142
2073387454
1596829230
1414519912
790431044
2031422977
381106820
161622969
223576140
68191389
1958485832
941397997
1546838645
680089278
745253836
56963900
452615977
2109275468
684527189
1903887698
1904282169
2070645122
482831778
1148700065
921016341
780397650
441297659
1153692809
1817659055
849320061
430142837
980019404
444901200
1696576819
5299171
1346739656
866215576
1669940714
206522263
1664003211
1105254908
700447244
622139574
1813391008
545419038
1161605504
1844481926
975706667
1311587287
1404697374
1898044427
83722955
280017848
1462001843
797134767
295403383
1910001265
1090015857
1057964890
1541987989
1732606902
1719616814
1857153489
1100800571
1461924698
2129074231
1167766491
1328340400
348473451
824602964
888430453
1574134879
1594838343
1992085077
378822418
1328831540
1630145630
1366791657
66816640
1047060477
514797948
242018390
1137362942
67065225
1507261500
356328783
1817207089
1519693541
1344718979
1181458005
763434805
1430458703
1571394018
800988458
288334266
1134057314
455680346
1059041923
1962111685
2036415490
684270281
694715416
2058192392
2038222902
1481515559
1467656809
159950197
1147337708
508369847
371880109
1967811237
224439888
784358770
1454071441
1536078598
445448823
149608255
1675244004
237959051
477503923
1567576065
1857188492
918453715
247068721
1256772789
110746552
517523315
918005434
28982434
1006771415
352546574
1344818202
480598966
1479880984
1648591140
1880743873
2061301371
580550045
1483619415
671011638
737963755
2115802366
1848763414
1121207945
1099928931
2035760306
1241331575
689918783
1465578750
446857994
1210726225
877392752
600608517
594771402
980437510
105426933
1792421631
1073333052
1263233331
2099166501
981055386
1700517865
391002879
1643144733
1647393319
2100243984
647435293
330786668
1570890323
455345342
1226125827
537407986
877158005
2106276588
1997716757
1025816933
296144859
921700567
75215716
334490711
475558391
910016383
407149329
1325396543
1921608788
662202471
1927872012
1483074662
215344841
1905740528
1383875842
413197190
1743349565
596177445
1127590282
1303057793
2022351037
788295186
925569526
869579198
803189977
1977033267
354761622
1658349353
260804884
1496479112
261562443
1054329955
433415223
238005722
2138119141
131957806
808111643
1569382555
1410223441
1181940096
866564110
215147837
1618634301
1206910121
1403554745
1766364024
753008207
1390565778
687093621
754086990
1095393279
703105795
487925850
846842852
58092995
119461456
1284279168
1453600852
407872616
1503444159
789856895
1384005549
1255701965
15188915
985558040
579782013
1841647918
1566587047
218211647
1979895161
1894115055
650997091
876772620
1334129861
1171653955
435550165
1285670766
982222691
1829748772
149152923
848701406
1910972755
1453326027
38490067
916251601
1794823269
622770974
752223557
1107959963
1418405657
1126746599
1781857174
224749713
1784553736
252032006
100459362
1541766831
1261988940
187364509
1672261811
48685295
938268557
1674280447
1347782843
1751207891
383874392
1054838866
310138234
1833990128
910978780
404783662
1842185738
506791053
541705645
168524847
1636977616
2045820933
902309702
859802557
1713418341
1839027640
779817850
2071520666
1608359489
1255177450
1941526092
14644201
1872434972
1145661995
1967220904
884061897
395069409
1793078772
1776401251
399367335
1774718162
1493418761
636706939
986577705
901265823
270462257
2064955736
736716485
60620564
1982863602
1906611337
1618543969
542931682
22027173
133762259
894908844
1818450593
1620153545
596282548
2085756835
1236982426
2093344551
1511128768
1055320537
2125289615
1510819007
1938950567
378291514
1285909984
1528409978
224418239
209809847
1240331254
429527789
698710496
609844359
1278011283
1421445666
1919284688
727817994
1534334958
563560169
1975031598
255890594
1604945241
38935857
19401314
1915419897
1395205911
1266167516
1382593972
1119399851
2106745132
223607979
2068500400
297771160
643781103
1328377986
28655878
1609261053
199628729
239606890
849012842
1702549974
649257630
1004646185
959556371
589283169
1792347506
130414192
1670339922
2056696415
1426428868
1715001545
1010818676
2089991320
1393237483
797861744
1205994142
89056060
1242721367
50044282
1440728067
108858897
1684069644
547035289
725245351
13286846
806605501
367804169
1836465322
134622046
1087106847
1319360749
1486074137
1544475046
122012563
242612708
1635843109
152605098
799696963
1282457041
1681216447
176685629
994262385
1962642677
1231380001
669358279
1707653301
458532150
716965565
1520138522
1709893534
663679939
1815190202
478001602
861317209
609018519
1521010270
902574573
634167525
1017673438
2010369687
358770871
1678433102
2045519653
380720774
1365457926
1507035034
932889275
1031768337
1494141303
1095595317
537610578
1611893106
433388164
834193794
1168810113
1139847322
1654109147
1063002152
115428558
1481966279
558582723
1356457999
1640294295
1737403716
877382901
276429229
2109881276
131567946
569435231
118292737
1398246596
1388605773
1678581366
1031573989
56053090
1378519338
113095447
1299403923
2032489480
1090047618
1749357017
264776967
2069680435
726012999
1056816022
1048096089
111216253
1603813540
908325588
1416938948
927331924
1843942640
575749090
578757007
95461771
562932955
706703533
251304328
440440987
1955904425
145143550
1672578979
464141059
61739286
1730017544
870976531
1356511437
309925772
883406680
1101338950
1907645522
1224230717
1762563577
866532627
1525267424
515487069
1008076586
1127246990
1551387078
821108755
1514884250
255775115
1075380211
1845301619
1732292478
740392092
1206174588
388267342
25861237
1911708199
815982961
833926344
2062471097
12309958
401481182
443005138
38735613
928539231
1213263134
873587035
1394755689
17826880
908109595
1344804705
779725263
975509977
1491465664
334737943
972409370
1787196265
2146832503
2005895884
2147275100
912840156
1054599161
176379817
180572446
1808254603
122886638
243027000
118808782
1655937002
661360446
799361312
1285457838
2007061583
1068243931
2097175444
714950385
1963792672
31459255
316221479
1642130777
1005938665
2087810911
190421761
1163924251
1918359109
251906786
1696786455
300726855
1469804931
1844912855
351543844
831502435
475059316
1532076106
277569756
361584691
1448481025
1683035916
1018701134
1682095226
2045470627
1745670681
427231523
672511791
856233348
402593758
2051080425
2041552072
2046700676
197415312
1238990772
1648719297
67799115
1609003473
1826115386
93463564
1567912887
1182773997
1132306404
1997627481
499979755
954520608
2127959420
1411169556
730100704
1740259413
862215974
1367197854
252986728
644340247
939980908
792293335
1392844177
2042421734
454261191
583223114
603986752
732770213
1908598124
792159044
800954381
1512460043
134384593
62915321
1755361056
1323432096
1532444644
563462091
285517026
1281720802
34373098
2140960789
999095883
1716072656
1756578494
2111010806
736984399
1156287028
726278445
228262856
1881414369
1659872161
696076430
1290549726
1173598886
1791196039
1362801051
1295888132
14506042
243591455
1286134642
1734860597
117018204
1738724340
1432827298
1365538856
1562049230
1647983890
218681152
854800472
118319583
789063697
223307168
1002948930
1157180557
1914315244
1131852677
451465670
375225655
968769092
1481558264
1952509019
1926500950
1957166922
1606519819
1912830284
1956141911
369116524
1348096493
546236678
826170378
1125728650
428743435
1628910233
1851046223
1776643622
2038732030
1444536985
806737798
1495910935
423562303
1535546346
1624488032
1501158745
177309617
432333431
1841916339
413826211
546089086
1545944186
568814342
468554168
1731804196
754024421
2024336179
309931380
219939399
42845399
1736069960
331243921
1821051016
1684471916
1050710889
85989248
1893877501
1627313194
995944819
1295301384
1021700745
1306720681
54065805
1141697451
2036697306
2069026772
403931773
1502165333
58384555
1126729564
1877243470
296651911
1908640945
1677755377
1672146730
1297494212
1377918174
1070354428
771521464
697790454
896404291
1943051220
922891634
1502804133
2122380767
406726044
1859156571
1043830296
1116723361
1196681324
1629658179
1281694297
1212768812
1743843927
332586806
1511221784
1648339876
401968920
2003860018
1676730830
784595061
1452659930
702515337
285649831
195348937
1979524129
975983369
1086794355
915001992
531808212
1938844213
554880201
1565811068
1202515931
2050242259
