2 1 1 1 / CIR L10R L11R L12R L13R L14R L1R L2R L3R L4R L5R L6R L7R L8R L9R M1R M2R M3R M4R M5R M6R M7R M8R M9R / L1R L2R L3R L4R L5R L6R L7R L8R M10R M1R M2R M3R M4R M5R M6R M7R M8R M9R
1707095715
392667587
1190379521
646735498
570244602
1856633937
140786687
393278806
1368697185
1978639083
290504187
327578445
992012111
2015884218
1692842419
1679899144
1633819295
108400535
985956991
1800868330
1663282176
641787690
1685562698
1540866731
779969622
1767745963
2049961724
5670411
1262980288
1674120454
371025744
557065334
1752956592
1914281643
1280142598
299136217
40088155
537079914
814698394
191821148
1355353415
1718338979
1124526049
1334581372
1239059777
220597510
499504349
752126352
585598251
183547641
1993325039
1210587888
795192781
1442707283
802379307
552295970
44876528
592573502
290667229
475038324
277273115
1417040614
1972123840
46575905
284131692
1342657807
1973636894
1046633382
1261909777
2140626525
1448332109
2107939042
1853467382
1025904188
388167221
1533520089
1916788009
1777621762
1482396250
1846457302
1389799833
2018516362
1626569571
656143823
1726843066
1324455013
1660002440
403873469
1434186995
1997111856
1088837800
653801217
931893674
1433467938
771075964
1395588672
1649221652
1298802857
973270301
654424219
1043856708
1353077727
1023544670
60142698
1677552347
1291268460
1772071831
1136496395
1990522508
2129122124
48817782
1004832725
1214145068
1932424174
978374685
549372369
1528906113
1586797049
1635953914
867962710
448438252
1179725679
1887705899
1372505202
396234550
1925410211
1264860974
1772979843
1430591154
865205768
1794565688
372924746
1171274566
1639404613
1101820032
641419077
384854174
1168438498
1800068656
593570648
1262577002
141910874
1883656770
255392763
543386011
756741563
86385221
1914629012
134932153
1168903287
498147146
877810097
203958891
24009967
987629909
1837388206
869011779
1641672241
1915339095
1405661037
732897410
975783436
1046380769
679427658
170329627
457000650
538890665
1126051767
1717761806
811841313
1642394913
2095295827
1076783897
751978529
732145536
674811700
1664654120
930324430
1788636997
91070560
1890553031
389512191
1824071508
347902478
347179720
650250192
1036555049
1308367478
1276744001
999063105
856822911
11166478
153958233
1006643161
613966750
228844881
1134275528
1748073063
1143952313
2019469712
1102362817
1142755256
854561829
2091037984
125485582
225442386
2128424835
1544625193
1104125123
594066005
1608177167
1305963321
904830478
1828924706
856143299
787475484
957558216
741980906
746426194
2098007660
194483005
1951210426
1855249232
1118702099
699838064
1054563903
1382490529
397825733
1786720887
512505929
764450549
807415436
16497502
1727264520
1352387290
2001321953
835435014
224232901
1768640342
586509220
620588659
1797518131
2020015138
1822430641
1097481959
1943589445
2027906035
1606910707
1251947855
25926879
1004945834
889661190
2101036389
473276550
2146809309
1435325422
2130457020
2103178199
1498735328
130343206
1597903016
1745906926
784927786
1420273462
1808643405
641256410
1587174622
2079156760
1281086582
200535622
648597805
438059543
689716834
1567393875
946939761
1110826030
1040221643
599301473
1015700504
900182547
1661710297
659671509
1978503418
1368336821
1967499377
78124886
1969316280
2135065826
683285253
872495280
1447784263
561639965
2126981277
1689004541
1948943007
582426979
1290201972
1452262894
602377315
503501123
1913885754
1621894819
105699517
402428449
55731394
747698808
489106594
2074094914
484673992
1227294602
721199176
1321395608
2041147048
864894047
1546945805
1403766489
94740646
2093891821
1474254669
1579171391
2110074492
1717500243
1393991745
1117263911
884518960
744803934
1492602033
1692463227
1767603798
378057093
1396209614
8108508
1697588035
857729476
289178802
933403920
632953316
1815449069
946124580
951864234
1817615792
174259278
826371739
39814630
473438100
1366576899
557954454
790714711
1231296825
1694605078
1106198961
2088927617
925654979
1666896180
350191732
2037372173
1747041989
1136463807
1196716023
92225444
689653725
1861470746
1447554471
1032810352
763468816
343929650
1420686108
480524997
1578310567
104249314
794592624
192825765
1881314391
1143352865
1264525931
152680346
1378038644
513785172
1836763035
1112051522
713185427
2065258041
656695107
31161185
1933303178
944091286
1321528032
1375168207
598310129
1036959683
2010652773
1263750224
1974534945
2076836754
989903971
125298834
1134490398
1823982382
440253079
32508961
1184681697
1897618154
1993743747
626572124
436030214
1509104294
1902267742
1192764030
1972653674
1405799711
1525654802
1581287653
418142216
2118449524
951777343
961943073
378714284
1114529550
1480321451
1302267724
864447533
966483707
1084278422
1689897006
819449458
490017929
933930953
247391190
1066039950
1199076882
1603917630
1744931931
1273397767
361218368
1594713472
1776792455
1446070373
616787481
1261056937
61191319
1708775987
1508253888
1143360451
1418891746
1334659489
699816851
1970014029
311734331
1357342594
1071154401
284583049
191607549
54314144
1621110165
373070261
1154833722
1024527039
141934664
1939258644
1903887698
146270622
1005909284
1392096694
1676396134
930232056
1995138179
337653124
1910656550
1630978239
1909328291
1864109579
9546165
37848931
607236653
288889249
294868748
629595357
500146784
1977038470
393022541
1784476770
2064123912
912008295
614619899
988453043
1494203188
2081802987
1655229287
567548879
67402714
1484457617
1183009168
611385360
818261949
1974412361
413024965
397620984
1408089689
202618672
2139496834
1629648292
608055066
1662545015
1916212079
1380076861
1148898916
460540598
1932169360
295513274
1436349284
929028762
204343367
1996712842
1377504593
1301944282
271706422
672018301
776199601
406698587
729663322
1428608466
1490259254
1015965247
1692953442
157332763
404645232
105426933
1811271069
2006687892
188749512
1906878790
1802971142
314680941
1962035247
687131063
188593073
1858542281
1178524070
680197501
109237152
669330908
1964276233
149049640
395985816
500113145
119393697
1055481806
1147364526
1558855530
645807136
1938525997
983441032
1583876004
991089161
132079845
353092386
522995445
1601657205
1802187625
1089902800
1617676865
994262385
1096767353
1089039775
1041659758
2041377850
1766564937
634994407
1279273270
226896280
2071010627
1735637523
1074405418
1567875036
1332210016
428182872
1875524436
1080609542
1854587551
303211347
771763187
130598789
1879176309
41825306
1638343921
201091856
783929813
1869741901
1352485235
133823798
2010316664
1514178669
80977718
623016508
1399843054
720268510
1837967481
1918006014
292637761
2127380231
1247886666
1651380303
59987644
450894750
1282238855
1412941126
765735165
1177477096
863634044
124388922
778950730
1930512624
955380326
1918902803
1681611328
292533977
703359956
1295402842
262673928
1721038938
404689329
795493714
1584793628
1283256409
965947100
1635916346
1657674580
798870808
42938064
763780428
902256332
1255644840
547824796
363164593
1422663276
982256226
84559741
804707045
319204215
630962858
606168501
579935166
113751853
748275473
550397939
1969339760
691465182
249201434
713095941
1077941015
342699172
1480865324
71233330
827730231
555759526
1130878718
1077494602
342411406
154650748
1075581989
2114999072
1468412448
1248619445
1556977124
1037559237
1126161381
1194167627
1617969425
1624252953
622865208
1551721423
1471229447
1476613995
1896818855
880213146
1386375642
234273475
373232615
1814013314
1364762042
208067206
776654706
1060225989
1083964264
2067764818
603395707
1162214983
900255722
1256698640
1353941073
1795644278
426614117
525830965
230137169
1725288142
231528131
1844303517
2067161159
2018273889
855283508
132816481
1101895470
1847624026
1260299343
2102539725
1383843845
1757069630
214319550
1119831807
1778404732
162685780
1115542095
911215941
1077263543
195660417
745505763
311914903
1847501016
2071029007
1274822518
2014014344
1971334826
1254025616
476240128
1208481211
1489362329
26008927
1764641435
372881583
387212910
1386952235
261330279
1725607006
267438122
2036693064
218476887
2132090204
122660216
566716120
655494947
1531108790
1896890926
678679172
1888420538
1510002943
