2 1 1 1 / CIR L10R L11R L12R L13R L14R L1R L2R L3R L4R L5R L6R L7R L8R L9R M1R M2R M3R M4R M5R M6R M7R M8R M9R / L1R L2R L3R L4R L5R L6R L7R L8R M10R M1R M2R M3R M4R M5R M6R M7R M8R M9R
2104342403
1767745963
1209677334
1303043934
1776737914
2004988991
1622863943
2140694246
1664649409
771322776
2116148000
1311620120
1847740431
598110977
1644101321
1145361728
1061263380
790756666
1908213246
1307039326
583782510
489540324
989663599
101529549
434893180
1619689304
1927284122
769430923
2096040919
724232658
337202520
974990973
610800462
1384501581
1990726443
1383187617
1331536090
1496407441
1149053411
1668831337
1742039842
688826025
1803223491
743223083
1314552082
1829297524
1746020174
2030402714
1337767806
46353741
1102016216
1035930531
1578737200
726404289
615449174
2037166761
1718343092
1671623616
882681694
529829338
1799430574
931874130
768673555
364596890
1043482469
1641612134
717316277
1575118457
1293332981
2092788929
718626336
1307108265
1209673130
517032809
552295970
296846261
1496799403
1604125904
1138057745
731663693
484508397
744139576
1267851180
1802476132
113888051
41209301
970196404
129046176
963390355
1553126146
1825039372
25207702
347546390
756792886
584472675
1309492194
1294344362
1702974998
1506777077
1175860447
275368607
1488619960
1048579940
101476
1915719923
198046126
1027402239
1622942484
1611780894
704009043
688712873
359774236
802953843
442860968
110994508
806685294
1367569688
820095957
1157469420
132139632
110366122
809579233
1598401100
513855188
535230409
541826312
1780521438
905551117
290175536
314247819
799069466
1831172393
458566253
84217937
1225062903
1938953972
648117408
1796583803
1281768345
861901713
866949228
1749304387
128563133
217560007
215009789
1922733860
366946635
1937394693
1834437135
1297675049
2116356047
1580730550
1766160484
858483615
316828000
982620994
48391841
1109144237
2105314106
1802089759
1831336676
1055148471
1953497114
67689044
873074277
672759979
1196136313
131976840
1215293981
915191010
1114188577
676973207
1999040035
1262980288
2414381
820619850
335619893
628206301
1426634468
305838499
1921376447
642067580
2047480955
45075311
1459420708
635109022
1957678563
1312326679
771927939
1098533091
1171072070
1624666536
1183536596
1252732056
436165975
1609142551
914408698
456811633
667144452
1916827087
605521957
1014701396
701237933
1481424050
267556773
2135648163
43094804
837443169
563458226
327145971
214326755
2028261314
1973800447
108317757
442576229
710650713
665250166
892271956
857077693
1882313116
677054721
1617409119
473159511
314746254
2023989019
806380759
13075963
1582418834
1414870517
1155935202
1029340398
617372498
358049327
2048430589
1067529591
1769337934
628028406
2043422975
641193776
745422731
32394530
140959258
91222693
1716444511
9917819
1753363517
1327631898
847987917
1169841169
925298530
1061231845
48671074
1133093355
843157491
55577966
750115556
999153914
1929696764
1722243355
1543727045
2068314672
520940996
62078954
656695107
43611647
1479098789
1901142096
1055006034
1344384452
1687240312
1410056785
985281681
359184139
1122399079
1080336678
552923123
1300776969
384267103
694609656
1344806623
1347400800
435910451
1794630713
1343021351
1480132764
864587996
1467960577
1327298194
122910151
1273741774
2090571143
1944123006
119767418
1198373233
1719732143
603673350
163365142
1751958657
1369586150
1200335498
1490244025
2059062845
881969575
1880467033
1991527630
2011160326
401120548
1129577643
1312766582
629284543
1795133996
1807576596
1910275829
464892389
809451382
1594035175
1816661893
1918066624
1066400965
2056678960
1320378328
1618792181
1817937763
1405992531
1541789716
517344163
1558955568
1461399434
1886399064
1390631315
1852354484
310211820
275565156
1326786837
2065817729
1003123451
1932929181
1276213881
1453273138
1313071328
456487809
829340676
56519972
47544553
1355801514
2034471250
1163566742
315320721
664631212
594518867
781908939
2081460823
1967291915
900995341
1445161315
2027251904
1954935295
950446350
988458835
1480739501
1616731950
1943931469
627628019
13872307
894167975
1514453907
1530928729
1888850450
1777629650
987897859
32284160
1948997996
977692068
605533999
1277205968
309176001
1320402930
758153126
657426111
1977223818
941786977
1733322485
1787762286
368305358
1214704292
73890330
1934040020
436937608
1264152681
191085507
1236937980
379915915
22873828
275394906
662499722
683285253
1659448925
322661335
1258964032
956999706
1788791114
6102390
263336935
417609830
860326828
1934981564
185523662
1491740986
2080069227
1977655726
1890994632
1073536621
603132023
1646408494
667931354
181170372
1954098793
110045297
1914470449
517537197
2116567874
1046790615
1069390520
1690068857
1049747563
932070889
332234605
1495198959
173471584
376913189
563260853
1050789973
116342208
465174811
1384993531
1463595471
1086292469
1033279160
1903780751
816959626
1129720274
1046516563
654451966
57636030
305536365
809341614
1406609479
804945900
424308247
1836043657
337923301
518732915
971489671
756878343
1873985234
434100363
1204861997
561629158
1546960097
132402817
806371106
128681909
13835433
1522343314
2023575667
2052669155
1350031124
2050311818
1274922573
13420086
263430208
1148542046
313451518
1057512781
1607375832
88138734
1410528058
1475062759
1898729870
803050265
174279844
227392745
500429279
598186456
1471276835
1296284528
290000105
1517390099
328982660
354665610
724686398
1021122573
443299469
1960856589
1244303638
136299665
2133560899
1686962994
23170243
774864740
1528923784
747141811
21773711
470989272
1451635360
584561509
1300153009
1506067042
1318535160
1544730030
1154073063
1854766958
80939486
227018967
378119521
1125138904
830450863
980344106
392525669
2039154468
1623942172
1279113490
1338387257
456131481
757060074
972707193
570309133
1264810316
98488207
1521655814
1405992029
1132810799
2045378750
1920321505
1475030483
447108309
984755027
822152283
1380396158
1535989422
1680857777
833326302
251154800
5149781
998457706
1805637048
1858666528
62972297
1592700585
222040017
1466073930
1786302581
1842218205
495505426
332068494
603919956
608399512
2049481989
777634694
836495371
152936013
1897040537
1903046377
1703772458
558511763
124849070
1056471965
708607952
534001011
799926614
44111338
1774756028
299555913
941592217
1605901775
2147339894
994494582
1540538269
1821332888
1304492226
259497567
1593125323
364786131
1311675481
52867600
2103883049
1858332235
1966799875
1287748152
1009845637
1846409260
460121784
1708878990
703554372
631128534
1505926008
752236019
904109056
1975427318
148031631
2118454841
1633712937
632966002
1451854639
639177975
1440410934
951308430
2127827982
1030987546
1986348396
1017660796
1967603331
614805865
1157669387
573743035
1267560276
1459190868
1624196446
273714106
882728143
1526271706
1439791425
989705063
1326381105
941403614
298634391
1829179864
401766145
7466846
1103520361
1995084950
1785132790
1926840084
206230789
214665191
1018711336
691764514
867031062
1838471051
1286350102
1834630253
491436039
1494549879
1825395914
760136980
1542276608
1352078858
1983420827
157286667
263270546
1171112163
1738250915
1169564581
1865563046
603688868
28459021
199079467
1866254831
1599004143
1020462383
1818731495
1771219114
306275755
476610056
1313934911
2110590004
1531002144
1927405178
624564859
1543521926
781410456
1331794837
1444259651
2017880517
230667955
900006980
404443591
439538352
1760960015
978743305
1180070782
871272460
1737599811
1972287044
1183912739
585882880
1476979468
1788494741
1329480046
1692544063
224156862
65050221
1400608538
514562153
1906782096
136787438
692433448
527898340
293386695
1387712239
2078513506
47011405
1248002764
705514592
1688519107
2066754617
993699825
1859868642
107777820
1992328722
674021931
1969809001
738311793
950517211
1826989397
985965664
321955403
1836159848
926753084
30631362
630392134
570651911
743635525
645876815
599720075
2049255450
1149459
1360548307
797589440
1172848199
1784843698
1010259255
2118424935
1687429855
1265566773
1975401279
235215721
159857079
404636689
1775487574
605884599
1273206003
1507772940
1489378932
1410069941
1554588703
1499312971
1892515854
215405778
1131225409
632707306
1827206958
1616062485
1972378861
1161189539
2098397688
1095055302
1581938364
1490391274
2089353247
269229512
1689142720
40852611
781473573
215640112
917406085
408894700
113169844
1930381117
1938927774
578159642
1770674861
1714463743
904029670
283114910
1043360451
1941476913
1975935746
616076157
712250858
764999592
1699803406
1268683381
1154417663
700747809
440013344
787786592
2071628555
630719503
56995782
145063264
762257960
172805327
456114579
787169467
457097152
1295433122
1959749085
2030139728
44936236
2097209951
108371472
252887337
2065056830
1581989108
896550565
1678780129
1365092186
1209548106
1400993864
1443865586
1562648208
600641575
1019756088
1764023505
1506558408
1827362502
274345236
36574003
1491214898
187164133
1388723476
1962827274
1422570122
1867217182
1112970163
1470603354
1253868394
73713488
5596513
1977300171
605820199
1650440879
1260147682
458143463
1320189168
2011446100
1858299460
1073947295
1403280005
2038831843
1509461629
532779658
451848661
184857870
1105778103
1030562544
2048866621
1091064566
565244437
858730152
153282869
134694522
770389087
699775729
1758611481
916873016
1268338531
1544625193
1536559033
16797587
1080379491
1623681971
852029995
409688467
1611170495
32029456
253323368
915800506
116269102
923000372
1092197674
1285855488
1396992433
708586079
840705608
548846022
505950267
1795576696
874702098
1861788726
2055250080
462441725
967397516
1957750461
761196088
516775185
2032354847
2117188963
258320054
1506470379
906585488
1158635478
970484622
448206513
1325655534
1927354954
508203669
1151043421
1478425367
254243927
586208743
837214033
921433330
2043240927
1515984567
2135909809
336231059
200893683
696974622
1997882131
50586430
1381591604
1371455065
902868803
27564449
417364725
1985706349
2000853627
378579201
1229819302
1419587153
1655712779
472996250
340420826
608017564
441907018
1850420021
1794144591
884279028
1943301940
2060188385
1819201469
460019460
286349849
1139937797
675340293
1944324461
1990223740
923366608
737974504
1564930427
1088702361
1435356296
809881410
1310062956
59398197
2099544276
540007233
1299338146
639986290
2029944053
1355209817
1191262529
1501754806
313097399
1300905333
1278969100
58420794
736231664
2074346524
498686849
734748843
140302300
790838888
2103178199
1655275386
1681805473
1030557695
752367246
981367349
534059930
358084974
1898436283
427489802
526244009
592006730
273090661
1346507272
2120790279
390974275
1734491554
661080691
2090996979
378228297
2112200892
1937257239
1014865373
1366415387
1194415196
430963420
645075528
1631015354
1747721034
1172294079
1526364963
1468583945
1762740510
1848525094
1659309280
520015113
1996099931
122312759
1664123569
1940497552
511183357
56842605
837184689
99494583
853876019
1382103060
1950030295
778266228
1467636486
1867281356
1866067570
876861370
782901576
861681738
295026995
1491807095
404668174
2056161781
1416306100
1349934716
312465756
962053452
38153938
391516259
1586284496
2026732462
1556204639
1207298807
1018873442
1450139105
1711006480
1458202156
377352167
2050784968
645902106
639780616
2002830141
636609867
549919006
631779433
718991533
1779115366
1306418240
580763034
580052531
587489415
514526862
1375649707
1503083365
1636467585
327986564
450811172
488762598
1777729180
86225718
700824621
16781159
623682011
1874551440
687021282
789545693
476026271
97608548
112270691
49465059
721217671
1118934252
115182270
1595491701
1025494452
1100342150
1138848605
1338514606
1279282636
600626302
1417802315
1177624811
1176095826
474240995
1732469365
484613661
1515077592
857263252
856439984
608910921
1509324849
1896775741
1507180283
989939637
1158730173
1756120796
1508141424
1721104187
1699944303
422404488
531522026
1585456334
2138984270
1366152039
1987889194
1060750676
416636294
627526362
1403841763
1482436333
363780458
628695726
796694711
2055518081
1661299142
966916378
1458507732
1892801039
1155440446
1439478929
680809836
790282467
186246340
174722046
1138110242
95425842
2050050990
895980392
1517853517
109085974
1938789337
518415075
2066031686
1405574102
780319842
1435600113
980449416
394142187
2076030017
801545353
246737645
595925623
1906366680
184620910
1753426348
1093588240
1483482337
83300201
334923753
1904592899
1524883270
448732644
1506515134
1097265317
879577935
1818892857
168519015
804951437
1984454159
454726176
2015456141
1607605945
918802878
132467272
1122373580
1435815585
127098215
1116998936
1550635681
1985749449
137584245
1909890495
366704066
1378620566
772596467
1251182066
478904589
1322025878
1837388206
1247060670
207279755
790788389
198328133
1634303996
1836847211
1725699912
211076763
575005520
1962689936
141762425
1838577120
1745077985
286915213
1413458414
1030930023
199007126
2086045011
356788133
743353951
1882962192
1483751041
468170327
1929770489
1898171730
391568640
2128466224
1693813170
668909991
2053116301
1231534010
645532550
1881083569
727463767
379312771
315710593
1113656138
1467772365
923247278
1014384116
1619368144
892584829
1089894551
1371873564
1565188466
725826511
1263750224
155382061
1907000465
400000513
1542633912
945145643
2017085750
802018918
523667028
1788506007
2063132821
1374517717
1742099601
482567189
1086174686
1242252772
1314067788
1575164040
747099465
461435477
698406964
1984208517
470306186
1851545645
1401192278
2106199962
1113219720
1104876447
1512564317
1007373265
589790289
1037556919
798445059
458879134
1418334177
274222661
2042649106
978264778
2021283427
1505019597
354899325
1954994762
309717541
379927872
1265318393
636520158
164843841
145562120
237846928
1963426782
238727014
1319686218
2004921128
2089975230
27309710
1324389669
130242951
1585026502
2032337335
1695716126
234255010
1240408877
541686116
1181586827
1584149856
13560060
953749280
1684542055
2056466884
837810159
455680218
913394622
1927490828
1527047756
1830932837
955756222
1379975766
305170001
1904429835
1469590328
1950187882
1692388445
1759360113
1166908135
2064638145
876901242
804733213
1609319445
1834102052
1691294381
979203835
353982046
1638949961
653806151
454668976
884651279
1157883485
34826004
82465622
1860225837
1434640840
1877990132
895306250
662103374
1919033029
781899072
2004875541
961994119
1828490449
438511730
1895462346
1918714715
498392775
319996032
1531612900
902996888
984646921
32231416
167162812
869541673
664888306
1199254256
989505298
957507607
1338999389
564615662
2022631684
664497578
1305760860
681906764
1574950030
1571312507
2118587895
1975422926
848604126
1421396515
362898066
986593184
1044422130
485776846
376310675
186420793
1747230556
1264967767
1476660016
2023335431
1257720171
777774664
1628586634
2005542229
2011059238
2007397318
1986894696
52223737
122853309
403276334
1089458153
1744132030
643391670
1010167466
268542057
101294324
822764851
1295890098
1528840682
918605802
1644421521
1157940149
457198410
1028748982
786365687
1546455404
1366372215
220859388
570846020
465658447
1571455098
129398649
1339657530
1496955733
1028227043
613368638
785060931
353049738
1309129405
937084598
1472423604
565530582
1883499707
1651459891
761698875
1097570969
753735598
1213559391
441662386
82274770
881103484
456110019
1165214846
1226950802
82692326
1094739833
952233806
1007596138
1568488093
558287079
1684574018
1960792579
1032148505
2017875812
348017602
1401211308
1055131684
1434522331
1428987601
956995205
1928892009
918315547
486822822
2051237272
1008907709
2068434107
447941293
1746619965
1373950929
172533409
696948757
2105194581
1428610206
1026544699
745026796
123354607
576836753
1209935296
1124962193
1709714728
585669318
452167614
1504924792
1411632672
1744111439
1580397130
795771506
1231030306
707026249
1311450678
337511992
203197736
587157310
450416938
1446162833
1296950030
2017269349
1286380243
887265457
1507291816
2015437477
1470815941
1108947212
369267280
693349448
1231307865
480755267
1250779094
457414719
448634836
1676057834
1566987219
1107888194
1948401578
412694984
632327430
1070835094
2141269278
1356663317
1589227982
213651291
1822398070
785894397
2130550938
474700502
1960016791
501414779
316965111
902882224
1021330363
1514544420
44131754
742148365
100964361
608861640
1365836192
748827902
2002896369
115623092
1302566651
340655782
15109055
1273580279
812098561
1845343635
290736429
1972437737
535593974
526206504
72938872
792712801
1002286729
1896656605
1746971127
1571081140
1403806438
434961761
1067334127
323726332
1087786341
695766868
2117614355
1042689525
1232024540
1735636161
1151550053
1873557820
1424956718
1721677080
2141942411
1303500238
1886914556
742109524
1039208885
722993052
1644955655
715706001
316432496
396627914
1312355335
973596496
162927790
1205472838
1746441291
513820141
1621012587
16653247
311146848
673469917
751493437
937884903
640751531
647971454
1151612985
1924157389
363311100
897493081
1851461300
1767331813
2063531638
519874074
2033510381
445716310
859465733
269804003
1498483108
1022523299
1122523143
1586428157
523721168
748056159
1993986879
1418961496
1474254669
2072752711
1661892413
2124790263
547139419
1002101193
1024269758
810640695
1591530995
1483808933
1168280535
1847570310
609030634
327793632
1007722093
1579096630
1027946661
557222245
103647475
312242626
1173785780
766583116
982985506
2029619612
320634559
295437912
191533170
1620991328
453417340
2006911710
1152931515
428784664
1789161710
1271990850
1772163644
173747032
1384142066
1737735557
1032360936
1814878607
513813164
15126087
1708220702
885131752
312775566
1815070480
489107395
1258779195
1768272051
244835069
1397278888
1424997765
1870960712
37642524
133413211
1989293430
1716560547
1654896533
1030329021
2071998714
640142436
1598704236
1885563353
1456814714
291518492
482581485
2079219796
1225601063
2007753063
1225025241
940616614
156750342
51686784
1544326758
1646538610
925752584
445580780
594543742
445392357
96951996
1058313713
1914253328
650157570
911872220
363477478
1644920936
1060435636
1908949813
1621569992
646544041
715938498
1109910124
1639409285
1350941350
1031515378
858536599
707304819
1700300540
1986537616
2023164212
1792933810
1053065543
868423279
1900965689
1534743983
121862645
45512740
1591993500
2117879
2004509702
1725685409
435559218
2061777202
184168399
380220053
1492094745
38130202
1991450566
1028896215
369865577
723071231
953308324
629417811
2059524385
1868465596
1027875323
2073287670
2021508146
2029386097
1428276074
696854345
375552110
366132228
2021398168
1376246964
1734014982
412110192
357080423
1100064839
900093658
160856189
52023089
1915547236
1744322404
2131619662
647691157
455549248
1154989536
626192735
1186472972
1343371940
1776796833
371380463
359175240
32834546
1632392265
1676866312
1108046689
987936611
2098189551
1400421644
965280988
385079059
1149558590
390378058
485025283
928751551
1507511190
1108031504
170997327
760969026
1566704709
1574766259
848451571
1331532339
811851816
1130836231
2082078352
95951210
70796839
1150676317
1659480935
352117949
289746026
55726334
1588709606
844088734
1893975044
631567923
1134490398
1211603659
1756715076
422118600
438731486
1906054351
838232907
1694307699
284729549
137811566
656364516
106722242
172839502
1303890009
1424004130
551098615
1502042296
1636477999
602608858
1885772006
1900350062
602215955
549372369
1849990554
1230528079
1451071725
182147911
2046864827
991990967
526027685
1126871159
1011287379
377445158
1006686790
1185253470
23658
1906283318
540673019
1839552126
1231296825
368241471
1515479839
1198549927
282188107
1800994992
898089250
930459663
272599014
325984735
1949955471
422107481
2101036389
320691245
828292985
1527282051
1680413575
415338857
947748651
1193799795
87377751
1248402903
373316041
1112801400
1560364555
1550517446
1703641809
850549683
19303210
347026356
1624863766
407688293
1652003490
664839427
1765418927
155398985
992701626
950580133
2006215508
145875496
2022248513
1852179244
611289932
2097155455
1126311947
885647004
1191131440
535926185
1216617671
204618123
1928341254
1627795625
153270906
1970804889
1908703054
1836255065
1475313701
495883168
891997826
208523637
354992565
349557551
1956303680
380823178
53158807
1393129391
1576895838
564366831
1864789714
1862159368
1727330383
1062794145
1465326993
162197070
673767680
1612695582
600508445
2130729721
1900682210
1683164408
1891531203
2002306875
1301188166
2046239523
1378680765
912499366
1678624889
589233449
1084007225
1962576447
1630220088
496611397
546797207
1119660219
124834218
1324180434
918562374
657313378
1523046013
763140379
1259026647
2019849408
1998744135
957452427
1613340721
1721482552
477132387
1202420191
128474201
53357117
202125858
213061247
379621922
1716089432
1114469825
1445060129
1936702677
1847255652
1665868839
1766114987
706971873
846272019
1869420682
1418891746
1199790281
264364453
706629042
22589700
447481742
667432788
1160796620
752020577
522056949
461523740
594142091
932737306
1173047482
528734200
1874314671
1335514452
606204617
1098882908
1532940959
2140127431
764606374
8903248
399992221
2087691327
1976561356
1429195974
1956272275
96626332
1770987188
1693951232
542497708
1482146925
1358490742
1008109394
948162924
1094542033
1581104233
730460213
1659887353
649826589
61784731
1552553104
493004812
1607462602
387271944
1480250087
1583913459
667304429
87548188
82687794
1930331699
1570188011
1226968638
1196160918
1050402426
880402112
721908016
381367710
2118234617
282600975
670942923
737322764
1884889328
1569575895
1653420878
382460085
1699216919
1513671534
165514827
31654498
1783619897
1630441234
1172850517
490907875
758788278
1592860921
82810308
962360578
1725799654
840198597
1437862184
418945375
317288707
1836532560
458531043
844019259
1107808143
1170038586
980759847
58952144
1405315481
1193722903
1289014925
1077100352
1738149969
907692186
637303197
1629982250
1277812284
71680534
940838524
528176959
1351010917
791027369
774747913
1115454140
972283215
625307919
500980861
1135952994
120527538
1073054833
1725701586
1945215146
533187057
716111684
204093114
1172976080
1754089757
1088248457
760350336
1893765668
981273779
890537492
121809099
1868988085
583782980
770676737
877056564
1069654708
159010943
1482638270
1832705981
1675116398
769233991
1390184584
484298097
437675214
183975030
464162431
1940116062
1087432473
489601351
1096469838
789668505
1341725096
986866849
1522004736
920135
1665205360
1604369503
1429988169
1217459763
412809445
2124790818
888727224
1561389379
1223441337
1397505181
719574694
380364840
900046333
23136619
697965901
98565387
588497184
820596878
116094346
1351419850
102924221
313925474
512764338
1967050443
1559471251
595488175
1768811830
990988740
1638551292
1963399319
1293018715
133365109
656454363
2127315361
902463065
2140965124
1300291189
1937142662
1342287108
600901203
1599285822
1404568833
1513459643
82339986
919199990
1141084046
591314227
462264828
1670030460
1702356464
767861720
41170136
2008789712
1948336292
1629727064
2000457656
1996092631
2140212845
1472945497
1712822108
1952386325
311003628
87134281
522936681
558818966
82405586
710413889
1689111046
1240282665
1115966130
1540426155
664178214
895208533
1805194704
1038593867
73083185
410858180
916771124
806936778
1308967655
1038600050
1381069908
1951281518
1666271021
1103396298
797803660
716463819
438078317
1941366157
507680768
1742823181
643964773
122247795
1639393189
967731973
1516790845
20429085
336194750
889396056
187939981
718691832
1983236505
1015512196
1264839979
2143703103
645351563
699925106
1130651362
1901652177
2133345655
787041605
877171742
2023886935
1104344949
1011665760
279586942
109237152
1442209933
672259909
723502581
875961971
133616978
500188729
208271547
137338977
972062073
219567957
1369231253
1932461205
1579719910
554297723
769807583
1318850216
986259163
359313662
1738931171
334393761
475038324
1442495472
1628639036
463141531
1234505720
828869935
1503686904
1478844651
1803306118
1360926844
1216662273
53574362
2028054652
1298103616
1513550744
1427473519
1021163446
1739064822
1675069400
2122822684
1852820161
375122255
448769655
1827784712
1249760193
1577814284
126740972
727120919
1365077331
660991952
708668844
1824680620
562384812
473438100
11970774
1668808409
264816721
562868027
1474365893
151347364
1797966999
329007106
763780428
1296754181
1015665413
1731749291
1972797568
916100430
1804120428
1309878661
1649549292
1610302943
189385161
1803906847
708760290
1862227267
243017648
1076865965
1807053190
468696686
297821630
1162176523
200215242
1745183465
1213638320
1517858247
475714047
632421128
59987644
102457961
208534090
2065775818
1542344773
1388282115
308884645
2076272480
709549469
863896662
57740869
1029033836
444757351
71783071
1083848579
1611772603
1532354552
2134347377
466119462
636190433
1036404239
353262864
1065338719
442188014
969240762
531199100
303728005
2060911228
1844568398
104801968
1759080155
1797137225
1759349766
118949772
427290618
481760335
98642435
44459636
1461648877
987533849
1233977831
416682036
92577766
1077229092
75290717
2054945188
2125376094
1874793442
930508864
762165508
1776107597
381148132
1510707488
1393542244
1441098887
854266696
1804029817
1168177528
394367365
156236509
1434240018
2017413855
707822165
81545127
187012973
718779244
1026252185
355230160
1376789491
530828795
855888067
117702855
49494012
161646157
1747322426
1653570311
728438188
400093929
1879672678
91158462
1624516957
1424867266
430959296
442969862
623445972
2091037984
829206542
178233784
854868390
1491858150
672652135
1691988242
1515677697
1677772168
43021505
500345080
1338897689
1197891129
733011959
1739574836
401221264
627629572
1125227181
1383269283
293790860
1785351227
1563699978
666532129
1693636297
930279861
340773261
885935583
1856382471
2086504283
212048898
1177819839
940858328
998457373
1387490409
1922860307
1120579219
2117057375
402097657
825082845
19798202
510500825
372806342
1936201146
1156205668
1054549818
941630658
2105275936
2001603562
1031793767
1146062503
140808207
910609561
1096034748
997669208
1988109124
789203305
921320823
1277879002
30042586
1621102424
1076298928
1119764082
1560204856
1432146374
1378796318
1941472661
1851029995
1538323487
1470181504
744536096
1401071045
233448568
2039502206
913050382
1469057037
2026701283
1678703400
830644614
1240646489
1745693010
1031664320
1092094350
1649634567
743317955
1835338568
1758206660
1767922448
174250427
1197762409
235697058
1608912339
1303480545
1993184552
62557384
667492200
681960805
1725083986
1834311743
1659874626
1204783744
1772761323
1363149584
27093393
1596801521
118334588
1296813991
1196239013
920407222
1596793708
650915744
928078249
1145957411
2084840399
1701448961
127962160
1792196938
802194215
1403927022
398688629
524931682
1514940493
1484866339
128086795
818059122
1295220517
1957045752
52546958
741112946
1631321035
668179972
1083568701
1705148136
728975622
33989655
2078184357
1977892198
1092657620
911213020
2109378032
1648472571
1043066403
1188565006
234313767
45132046
473976598
989212553
1199943629
693774105
1736749751
946612246
142693980
653354103
1344517137
969806611
1471085613
1326858515
1471419873
1145820932
2013913810
376065822
1993544247
1909663908
1145585814
1292936690
195015909
1610871350
929190557
504208917
671598392
228069321
460224101
221866611
1248965510
753479885
2020046941
685681966
1445347701
527463275
810680896
1495945813
972460112
1061998429
1291810579
177035086
1625725138
1230224894
1367939255
1551544385
594665099
259494804
2019192418
189910017
103417659
1744662981
1503241670
1686772450
120678481
577673321
634201626
339390905
2092146387
1716485513
494860802
774917838
1430964488
1082650045
1096514218
433448095
1847685592
670316960
1281223627
467384206
594770797
1766117338
1082411450
1931961021
1985063437
1590108309
758575040
244888712
1641751090
1792189677
772137900
1968094315
673803462
1145223553
552216967
865010456
130564000
1866897967
1282307390
1734923261
1991480718
1030550038
1905266530
1337456268
1939078873
709046346
16673429
1628725009
493128949
1968109761
1767278996
334193305
794810340
433176729
1667162563
347980915
1528006518
889737978
1890688748
601454851
1492776214
738766243
394565343
1102273571
376217969
940150462
304231207
548365088
1405433029
531893395
1111015451
719102534
1421315947
631178085
1017982394
932528635
495047902
465258802
489147301
1203435163
850839269
341295740
1550460607
1745620361
36075025
1683784
149027437
574359613
95516850
1569339563
1943824859
852282332
101943962
1587248821
1404075985
1961954820
1204674269
274782321
382045298
2051596184
500372210
795231853
1251205761
707432504
834007920
1606438950
2036342582
1187647919
1173038873
1942005961
909834280
1869190100
389045026
1039207805
1212612189
1705911328
1302503299
204578177
1160468435
1942535590
1734096340
224144363
1238677896
23592211
1745513617
498093231
2043077091
660966156
174957252
203795306
179822148
713535788
649896625
707081921
998491146
347902478
1221611956
1360094701
1328286789
1313630015
1802319592
1753263169
1984087700
1002702304
1793491642
69212156
602394875
377420033
102156666
616376700
1328664893
1911284041
344094826
1917298085
537296913
1215801732
2078772734
427795554
538950914
1142507437
1077348457
8892026
833774949
1410673397
1531910718
590924499
658444810
1043786727
1259794198
1520115269
1957466677
281252447
570112728
1349498972
964549776
1693071625
268714219
1369374190
654003931
98685841
2126358507
2084628801
2018803371
892656261
1590725457
27322333
783266411
810717773
387367274
905667153
1273476372
1711339008
1752430997
1712821620
392106142
79575254
1149310082
1449820476
837269419
903710138
1346763695
311748192
2115366373
1977461612
1507072965
123065285
1435065360
1206723394
2001318991
126287252
267564767
971924346
694098455
1468984844
8961247
806490986
203230636
86984892
710282822
1591407608
124563307
757094365
256034015
1435244864
1287722444
541657612
1491796182
570023743
333310647
102005188
1155535955
77128731
1197970247
1363302533
838566609
307997167
1397723781
1523839388
43367651
93978477
1806850884
2023704555
1898597352
244523374
2017483886
484313664
2044581586
1193432480
317391795
443199212
13131937
1554105221
1466637143
407278928
1726119879
744513462
1494953954
622124520
1539619297
1089827935
1261336005
626512937
1849890057
424169009
1862076382
778611210
1532017248
1859921311
245127951
827761903
2112697813
1472301552
2146223318
1021946182
1214077448
1783963246
854038963
800725503
37588757
849630731
828659824
1127691754
120539773
1198492165
319737405
79334309
26271337
2120929812
1832279828
319575730
631303596
601083333
2090966729
324222132
554606045
1835073420
1387230654
98482490
83842574
1657594183
1352396200
178225709
592602380
1900118868
1413983746
1183598691
1862945831
1095535490
791053066
1919132402
164388043
1275176033
430962911
429599321
984216520
1140498257
420988611
1838045337
1211108492
1923245261
938390695
2134539982
378951282
918829987
1625774546
1612322502
1761322201
1832880110
707478529
866733437
1119040822
939970522
1281594717
752166774
1868343635
1035113364
1391149465
1555981781
1534129737
520744592
1901940827
998867861
86984813
1804780081
1505290655
1875404807
480350281
1410335203
538946107
1685110564
1334654845
1823269435
1307569619
631404101
639471719
388953188
1016381742
1218452200
2003105054
1254726090
991961039
769422324
615074658
579974421
1655142338
2075711543
30591875
1783942614
313642222
1797551329
463768025
363680247
1946692505
4645619
968741
1106503404
12114863
433474053
168133396
1579171391
1481854035
1283053369
1997111856
620581710
687218208
1880774726
179043205
233970042
2145855116
1219914000
1045642727
41340282
764441444
1102592121
249383376
852820902
143177498
946374732
425094285
1442694696
194805720
1356162564
1980293086
584351905
1063187458
428362712
1911105849
1471058532
148531945
375654515
2143651026
1249387420
1848459829
646481068
100645387
1940981388
1277600704
1064613018
407028464
1288561600
1896281893
549672926
1346758093
257236619
421564005
200718012
956666617
1462843997
2013656108
788591598
930616773
662453274
376749963
142543910
1315166748
551519039
139281322
2079359276
1740664107
212298711
2080964624
1333035654
1176900836
1414998274
1782968486
1266844832
773904651
1751466312
1830469622
1515556441
1977545661
79703444
1573208104
1383522987
1126647578
1938720772
1095481214
693555573
103899381
917836523
1559716332
630498605
32613631
171278069
162045944
982017043
1366116555
2024806640
1600521594
525086043
1727890636
285943018
741351937
1656071244
915132606
2130390601
977543478
1794926413
1737158480
1835216118
173386134
1659526739
1318601354
225533222
1138668522
2015875943
75851929
732217753
642007803
2000257325
1764447377
744325856
1102332193
47448087
342756951
2021260964
363324010
1437476023
469949223
1230250987
1272204569
725669367
984168466
379877663
589865011
2095070691
1314671759
1790804196
1388416475
2134169364
848233103
2097300524
1224185914
430834933
302770907
2081387743
833048436
1591865457
295303348
1801913836
188727844
525608978
133543896
337437545
308053153
1313879701
318881656
894810018
338478617
958957827
1034988463
1010020662
1176068816
1259954020
1475629958
33148322
551816547
1127068910
6693179
1347447301
1439571089
147958793
1229591611
34990248
1738598627
1934104449
634766487
956489389
1396582475
1146656188
1597952379
566461028
1953042055
1299984339
1526477489
1077018160
444027357
1786486007
1691750607
1706789126
1323544454
1078944992
1036250814
1854579841
400664822
1781378689
523507689
2090228952
654709991
842878201
1051185291
1900881765
1612318589
1592320926
1813448101
855526319
98549937
924027968
1814925193
1791739812
567292992
1651342215
1338458839
1797518131
1646260831
909896965
1135534805
1800236035
1497115620
536486047
1366350986
204193447
2126204244
824027798
570342816
1275954574
1126566370
2126201494
342179955
2069751677
1893888035
1407563790
457853738
871998677
787231739
193947552
130361325
1741019308
855351677
794236684
1676845852
182051083
1491208388
516747666
1223440728
1063312111
1169772658
856897236
656699809
265388354
1767661687
2006950882
801937559
1612452605
1305225975
2695216
35392672
1939212731
1320621130
591073642
1892956949
1257822533
1094631826
721005374
882631277
1497847751
255705228
1664529220
210670266
1723992516
1739320859
1193689409
755252261
258551721
1435874536
1234711665
288585564
500763830
317261298
1873405103
1239185383
23832099
908046510
351034473
80377750
892649848
1015192422
1321391390
810421007
782734716
195660417
384084778
758570143
1554467957
1677236443
1330638327
781702821
443016642
1707731656
966820302
1603680646
1920142117
235740270
394022590
1499611249
274556155
880644347
467122979
1802833012
657788716
476576501
1576347198
388771910
1603681869
289353089
421477272
1541608833
248811417
1769655869
1185207878
1109116510
81913026
1407815894
507431128
1778736354
1603578055
1613531825
2046004760
721258266
25539550
29923974
654509196
2097770934
1093051245
1167517771
1153765742
134341404
1868906071
663041353
1664951137
1488674443
1951998215
1958470276
2090699296
242201539
1434166596
526987794
89902977
1794300067
187621289
170215553
998546468
899564774
657770487
1405619993
474460215
1429011916
1996776134
105157271
1381501416
1129225306
1516264170
353982768
1416858941
960956006
1405381339
1947020325
920438115
1514521616
1220831353
1215101495
1199076882
1358215035
1271190983
2064297638
606244702
1172534490
1190474223
268111671
271096727
638263863
1886501434
352290335
1435204998
1461815743
1997228163
1344384692
1853702480
743280433
1418996582
2032145375
649793434
53706549
1080545832
408804197
1579485544
910247966
552338490
100766833
1039067160
802490245
638539727
1376373938
1988155255
941771088
1735255422
1806531318
157694306
1380758618
1965256132
1604394443
912765234
2015318150
1416161732
692030929
877901549
1211599836
1524517744
712081797
1309112628
114251858
475102414
182035841
1796345269
575269675
200796065
424038525
1691952390
990207608
439277986
1883082320
1738679378
22434687
1719943044
132363705
118554784
721884598
865429995
1996922352
277970459
1772992845
843188260
1296107633
272109041
170843041
1281006733
893689219
1427389599
1387627081
1607686291
1163392576
310040850
974659712
902256332
1693700955
995020182
1516016532
2086989967
1158437079
114345927
1707719793
1567344477
293475975
1282965163
696403707
180957942
1252426027
1738263022
292800038
1604478006
2124868753
1992047811
132478640
1762479305
1994280235
1796358222
657741194
92467974
1177129703
1767585130
718682773
1400705841
444842613
1357040767
1233053647
70608202
44779904
699015881
1010771469
240525994
1302617322
377755211
1165336219
1590959021
1512660315
878122421
1635752374
25656954
961496502
285536194
154870646
1108570731
1263676721
146153303
1364454544
619087615
2026761798
1899249804
1844648355
876952040
1369000192
421288602
265895962
431763677
1127388990
543594974
2007448214
1702972340
157225730
1921561199
945579487
517672221
1517120545
42040768
1592649860
126456251
564652709
656778743
748873552
11798901
1193135315
535424596
1802066374
1561127787
639133821
503079592
2124495347
594755280
1860941388
936133451
2107514510
1133439706
1506835363
451724901
523613602
73194671
271753752
1284082249
622135742
2006276686
445354858
913012444
1152785753
1437826640
31803602
1127227919
1847412658
923133325
1989468304
103596612
1438102365
501745527
209948623
298251179
104491595
1766457172
1922281661
641035487
1547164087
2129249209
2096320204
1758023303
635234288
597650996
2095473599
372673496
1711959593
1939427042
445763856
1445466426
738426748
928576768
70185395
1699873747
874739965
711249623
231783745
23400666
1290771804
2104531318
1981006957
1227965109
1688828391
655929126
174498230
1304254234
779491125
454645309
64592810
966349206
2008034505
179238597
715438157
6423643
127880370
2054897360
590820571
360469869
445771899
635886459
2060629862
520448150
854585611
1067462116
179091187
1979280168
1533207906
1710932292
341965879
1538053631
1379346373
1715547430
1775953087
1150114031
918768331
157621658
217561761
303436319
262359821
1448157968
909350734
1247855982
1989735531
2062070212
162693618
1996488124
1954679752
2014297240
1556163131
1348871703
1194526430
450418742
1976447957
1962710926
97744302
1799633582
985841591
1861292401
963952961
453325645
168575985
42788748
272274314
2033660776
383577138
1062798884
1960026593
515229947
1642198537
1620321853
1568936503
947722350
502786303
1113972749
124834807
539245441
656917331
767610871
976562115
2085997631
161759545
1413971277
1996227585
468758048
1934934372
2110909844
1628919962
377003026
1718240621
1917623732
590664077
2059458717
1670152814
1599019695
1813944505
1294337565
1626189268
1753611268
727332216
423526478
1310694895
1369879499
690931579
2052682831
109724109
1848261353
817090620
1029547889
968160330
1180538359
1595556171
419202887
487264058
765504445
868236704
1514621011
769540186
7331384
394238204
1410914646
602126925
1079329610
1413851732
1865870954
977977176
1338451468
1060008837
1077898443
1372283799
398804648
1782362276
1795672227
74534701
444161494
1846467191
1483752233
359302
776861822
1342464593
229307154
1018259901
2117739497
1051489613
1473675646
1092813614
1045202405
743502816
524549983
674445367
1303982382
857232761
705376974
1903736165
1636213664
1021728273
1660909154
2136734988
2066422900
888350942
2013291425
384522068
855472539
1924930443
154678055
1907106152
368899168
525775818
2066159285
1263520600
1647125457
1014843952
390806241
826179228
1546861604
277494224
319913165
803831397
216544830
1754459780
1638343921
1641216166
1117676357
611272249
1738042723
1455159401
546416931
852470138
959481605
2009064773
1199576851
1282179509
562113158
904950514
149082888
908066389
1216952746
520026643
479689343
1007516685
55856111
1655673233
888268095
1026328754
665072529
1504835217
495352896
435921677
1752741897
1412580846
249488046
692001212
1433986707
18054628
2108909024
626479310
517851536
108235584
156846491
1315046092
2099901695
828912739
1493930906
49559543
1979790426
159949003
659914791
2016420949
1338010287
1380583065
831331613
1717615718
753559561
460686396
306399655
1151089690
158047081
1471032491
132876165
179721606
117477870
886932296
1024229116
2142934537
1397997764
585519148
1165792216
1459813636
116504764
1105388987
533847693
1062832120
1203333379
192258592
1380033323
236510410
746952062
1231938336
824730029
1584186396
919354980
1663145288
297673470
1358054922
1402150261
1360446926
23107302
2027728825
5670411
2092802563
1764641435
812432103
1142584198
1038539465
937539596
373600443
1201782852
1613332888
887155206
236992448
38865616
1671590430
1047596777
1377047011
732160476
193883530
1853591532
396403732
109617474
1090300078
728181677
136129801
258075598
1583164854
865884229
392088220
1234317861
1619567474
1157084463
1333206544
967372214
619352565
1655689442
1331697903
1992247851
535317011
1185689042
441727007
2120604814
1115152359
1080866446
506988199
1300612128
1501950000
1616942462
1313021343
1743738483
459213253
1408970540
360407331
1985994182
1823594347
1216885927
1731215407
1676652425
533150971
1499563634
428255569
1129740749
815123727
1149326210
940542904
410377427
2005540728
930820613
587194564
434404890
1023501402
803694302
888942517
234273475
336626614
607519295
1556382033
1514772415
2045467077
1710167254
2097326372
221010406
668911430
1605211402
445739209
1657917409
570910281
2141894895
1777751633
1091931901
1254415220
1827790036
1570708683
793802518
14154222
1529113087
267718784
1351247947
304586705
1643658947
172035407
407978392
179386070
2118975588
1391657980
1056342096
999264604
1313553024
867568947
1200920137
955902195
238336056
938103454
593383700
166925373
2074302925
1337468713
677908736
1357651439
1549745924
681744530
880319916
581998761
1419542767
1662847343
1977032784
983889366
354159314
1672773357
786293478
289497904
2004906078
1500049221
1289839134
1351369356
1608989054
1579199576
1002736668
670908899
772230913
266374530
1075581989
688082302
731310138
1500347654
98564586
1239033966
297616590
1985166894
1929512471
1785511226
2001728068
1978974522
1769416191
145977737
318353459
880213146
2079815317
731985628
1322553875
114939436
77586075
1689956654
1252611970
1386223049
1923379917
2044195833
454275056
1044099215
80177420
989702111
1254776192
677876588
142763361
270364441
1470688779
668472274
1264181864
1090228585
1634808139
2003074259
1800587436
1234761726
631113018
380706769
749978069
1816329577
1424068332
1600207049
871169737
1569070280
835336549
1322773206
1301408625
60116017
775673933
960444441
87609060
1731801662
904112042
504723666
186701631
1010968910
1226018333
1345746459
1637937588
1099359845
2036536704
1923866736
402410954
214319550
258517740
2092743136
38146427
1783681533
1512064435
2109453288
1807323272
145726722
585771536
76641930
1179472115
1059909319
676488492
1056666757
779366778
1865480736
75892764
2134575955
857328885
257850308
61476985
502533940
390385628
2093624251
1204021397
70971962
1744708257
905001057
2134860482
1784102169
485678
433694860
600886843
1059388160
1411063986
1383222068
439418471
985657807
292795249
711509147
1987527470
289432951
708305085
1962906159
993355333
386013110
1678197897
192426156
1572445469
1584464676
1385720927
218817686
1234459270
1784298689
1335499132
1769002233
2028001095
1693404485
840085829
464836679
107071398
1680592954
2120636473
282861656
2022206554
230800203
1933440351
150461765
1100708937
1035487743
1651538643
1183641277
511407723
1952093135
1569997652
1676180442
1279102038
1513390107
1595004018
1069858548
2113325819
1352390620
1636816517
1223299962
344922733
1287456214
2139974722
1354496070
901948175
723156960
2073138605
1507864068
843875924
1322169281
833988697
1110961026
2135594925
1624757721
1708898480
523535239
1610869410
1883397261
199000352
467182462
1348846158
1798667900
533980062
807984474
1507442744
1009794974
1091263630
2043242657
232077821
805762589
1510889060
1358620592
1706146870
2139191619
606930992
1288227141
1489506720
1226169970
721249633
1194128390
1612922849
704354334
385162032
624289687
1216365771
1221718422
1699996696
1375071125
916447526
289878706
1934692065
1476540198
856172116
1885933008
1867122725
813477167
764929573
114052097
706555966
1152790399
166378893
2006959243
796000942
524047182
753817273
191854655
1251001176
1537465529
315425474
1168957047
292824074
895371308
47726093
2040716218
1294410260
1701161029
332219091
1182126794
576641486
932980148
2058013970
332069074
176472376
2027719513
1131346821
935470200
1573320328
276466431
1975310433
266157365
699813279
1991674620
1029820370
603395707
1101463314
429093405
1251574587
99598747
988617058
1421112613
636478723
626324378
1356690572
1866091580
1344876554
330767026
1806938266
522995445
809006512
534770912
2021204117
1081725917
733821863
1382857459
266034664
1695518381
1281862399
2008180215
1574669798
1546596191
1810121771
1138147847
1825368821
1509879107
1975557768
552655621
1951182610
60299628
424607653
673972106
1755300886
430625542
1125368489
823793339
1894125483
2079003634
1796180456
573718867
203927505
1976447059
1721762154
1264378257
1727007182
1188450313
1704588055
797276608
1986125009
954524470
1146027823
960067616
999626982
1828606838
24951006
365324525
434728125
513527880
275031178
1568260274
2064241740
853759359
995492023
1229770229
1013919438
680933552
235314105
1872663662
869940118
2036771350
673913627
344782434
1873157376
1028093051
1373318429
1939071629
1532932080
2056477301
1979370080
34473126
480300832
1035490010
1869875419
179295873
754515939
509718316
401801955
1617174124
412431102
1966933444
397881048
268398678
900775286
321323873
656480778
670387422
193777327
1758908078
477956915
131271456
1361247819
1723698872
1233329824
1438276962
748441642
1045914386
810924954
1471630515
1424250096
180081273
1133553126
852602911
1192040212
813630984
1379885326
390003144
1643342390
1646696725
194120307
2103768371
1352309067
2015751594
671903212
1297838079
476350207
1439445608
951235769
2039378736
44462035
1683695454
1324601244
311604421
67822317
2094838990
105241003
1427111851
470481586
1357342594
2134676014
1611610890
1205571359
2025640778
1475827370
2112233485
2143449540
1997180090
259226160
938898202
434544271
930910074
77893839
981086296
1390217972
246490979
1792432117
410157940
102449343
1208481211
1793037789
149330872
1124111884
1269143587
1271284867
1288550406
1646178311
1968013629
243630798
1205024892
1475704866
190098636
1581228975
1603816939
1568386277
1062661319
633513559
678515854
1656068650
855236272
858109109
561575948
101662950
1970253783
1648333162
1977017557
676480444
2375029
1250130009
389823347
174401888
1111788908
1645979769
423141246
644462222
29360774
452671581
511022486
1801179707
1902402524
1521520576
1462407831
2124355859
595432671
520225501
1351641044
839722816
1726111392
943642752
1922977255
2142279923
2128626145
1118994970
971410480
2127811945
1006891488
807272439
325972281
1990635268
971239092
2095697379
1527648599
845213341
395569704
968462901
824520232
1466301478
363896967
2034377051
619220903
814560087
599585003
1255057332
744601303
1437672370
1301706269
679132131
930471080
100822798
2035710948
869384188
1047986925
1238243541
2093619672
371061029
420994282
169789845
234533576
941717125
1508484450
420059153
255249460
503785880
1871358255
1320830290
1915484026
2117530857
969778769
2070718831
1047470100
1729562486
1913327513
1292391209
559351360
920220388
2113053043
1307529429
822228464
894485874
1906243849
1108320848
1216937840
295125478
894501989
1348174322
1688351542
1452012618
6475190
344815466
1398419019
89901046
2102989251
1032064715
2057624067
612698456
1870013500
675590171
2085772199
1366139538
182256091
1104240291
1098173387
1258012286
1277158255
1532008499
1430939749
1820671044
102606924
29651502
1029172891
1402298546
430512173
853491629
1307774445
146084439
169338059
1720593985
1504319398
1105873366
946954877
1066848341
1982794962
1685154469
384632361
1714718528
1583445607
822847493
1351558108
980731995
619656206
1400281788
2116755666
867474852
2053174442
39127943
2011422939
1992141754
2125174723
1578994701
1704552903
173214407
967996397
2127106800
237361958
171194927
881454804
1861207214
1300198265
1404488549
1058014832
1301575158
1324537286
1452135437
704808299
1029617032
2062308373
844561255
1583876004
288701796
1666165666
1537845389
644699412
1772614594
1334996907
1542617872
5352478
499895139
1116792890
110822905
1295797045
2051350180
671535128
914710683
1417428975
857161487
2132907569
1221474288
1477532616
250919216
1674330191
716729359
1788282319
1078479117
288505489
1561710457
140570539
1888217891
1665638708
1541030170
96439602
1120813389
102918363
2065135508
1765757848
101790436
2123888300
1612057401
1767083958
1511024149
1112270199
1315042178
931130614
548544019
1304676008
1269535067
1479225701
1702835106
1793200624
746828235
106683555
1391214687
257389857
492158327
1771175643
1259644463
994852010
276845377
1055231361
568201515
1999105485
1796669514
1652563293
488938678
1445230698
54853381
826955416
988499351
1721355484
1981708862
1640727831
1029130491
485515254
1296419207
1545798303
1469961514
1223414071
1655683373
477963996
5460032
1758882814
1900749250
789105072
2015543796
1592644234
641954973
1953029938
1759059532
195146614
231985910
677920979
1896890926
